         7         1         0         8         1
       138         0         0         0       410         0        18         0

         1         0    1   5.000000e-01   6.123234e-19   2.497999e-01    1         7         0
         2         0    1   5.000000e-01   6.123234e-19  -2.497999e-01    1         8         0
         3         0    1   2.400000e-01  -1.530756e-17   0.000000e+00    1         9         0
         4         1    1  -5.000000e-01   6.123234e-19   2.497999e-01    1    100005         0
         5         0    1   5.000000e-01   6.123234e-19   2.497999e-01    1    100007         0
         6         2    1   5.000000e-01   6.123234e-19  -2.497999e-01    1    100008         0
         7         3    1   2.400000e-01  -1.530756e-17   0.000000e+00    1    100009         0
         8         0    1   5.000000e-01   5.000000e-01   5.000000e-01    1        10         0
         9         0    1   5.000000e-01  -5.000000e-01   5.000000e-01    1        12         0
        10         0    1  -5.000000e-01   5.000000e-01   5.000000e-01    1        14         0
        11         4    1  -5.000000e-01  -5.000000e-01   5.000000e-01    1        16         0
        12         0    1   5.000000e-01  -2.159871e-01   1.254973e-01    2    100012         0
        13         5    1   5.000000e-01  -2.159871e-01  -1.254973e-01    2    100012         0
        14         6    1  -5.000000e-01  -2.159871e-01   1.254973e-01    2    100010         0
        15         0    1   5.000000e-01   2.159871e-01   1.254973e-01    2    100013         0
        16         7    1   5.000000e-01   2.159871e-01  -1.254973e-01    2    100013         0
        17         8    1  -5.000000e-01   2.159871e-01   1.254973e-01    2    100011         0
        18         0    1   5.000000e-01  -2.159871e-01   1.254973e-01    2        12         0
        19         0    1   5.000000e-01  -2.159871e-01  -1.254973e-01    2        12         0
        20         0    1   5.000000e-01   2.159871e-01   1.254973e-01    2        13         0
        21         0    1   5.000000e-01   2.159871e-01  -1.254973e-01    2        13         0
        22         0    1   3.168181e-01  -1.060425e-17   1.802999e-01    2        14         0
        23         0    1   3.168181e-01  -1.060425e-17  -1.802999e-01    2        15         0
        24         9    1  -2.921947e-01   1.333673e-17   1.227227e-01    2    100009         0
        25         0    1   3.168181e-01  -1.060425e-17   1.802999e-01    2    100014         0
        26        10    2   3.168181e-01  -1.060425e-17  -1.802999e-01    2    100015         0
        27        11    1   5.000000e-01   5.000000e-01   2.493240e-01    2        16         0
        28         0    1   5.000000e-01  -5.000000e-01   2.493240e-01    2        17         0
        29        12    2   5.000000e-01  -5.000000e-01  -2.298514e-10    2        17         0
        30        13    1  -5.000000e-01   5.000000e-01   2.493240e-01    2        18         0
        31         0    1   5.000000e-01   2.493240e-01   5.000000e-01    2        20         0
        32         0    1   5.000000e-01  -2.298516e-10   5.000000e-01    2        20         0
        33         0    1   5.000000e-01  -2.493240e-01   5.000000e-01    2        20         0
        34         0    1  -5.000000e-01   2.493240e-01   5.000000e-01    2        22         0
        35         0    1  -5.000000e-01  -2.298516e-10   5.000000e-01    2        22         0
        36         0    1  -5.000000e-01  -2.493240e-01   5.000000e-01    2        22         0
        37         0    1   2.500033e-01   5.000000e-01   5.000000e-01    2        24         0
        38         0    1  -1.130505e-05   5.000000e-01   5.000000e-01    2        24         0
        39         0    1  -2.500095e-01   5.000000e-01   5.000000e-01    2        24         0
        40         0    1   2.500033e-01  -5.000000e-01   5.000000e-01    2        26         0
        41         0    1  -1.130505e-05  -5.000000e-01   5.000000e-01    2        26         0
        42         0    1  -2.500095e-01  -5.000000e-01   5.000000e-01    2        26         0
        43         0    1   5.000000e-01  -5.551115e-17  -2.775558e-17    5         2         0
        44         0    1   5.000000e-01   1.595981e-01   3.319519e-01    5         3         0
        45        14    2   5.000000e-01   3.710476e-01  -1.155121e-10    5         3         0
        46         0    1   5.000000e-01  -3.302838e-01   2.966475e-01    5         3         0
        47         0    1   5.000000e-01  -3.572875e-01   7.067426e-02    5         3         0
        48        15    1   5.000000e-01  -3.815409e-01  -1.219276e-01    5         3         0
        49         0    1   5.000000e-01   3.326795e-01   2.844622e-01    5         3         0
        50         0    1   5.000000e-01  -1.591042e-01   3.343893e-01    5         3         0
        51         0    1   3.335443e-01   5.000000e-01   3.331462e-01    5         4         0
        52        16    2   2.921018e-01   5.000000e-01   1.248425e-01    5         4         0
        53         0    1  -3.331142e-01   5.000000e-01   3.331502e-01    5         4         0
        54         0    1  -1.245253e-01   5.000000e-01   2.915826e-01    5         4         0
        55         0    1   1.256165e-01   5.000000e-01   2.915645e-01    5         4         0
        56        17    1  -2.910362e-01   5.000000e-01   1.248443e-01    5         4         0
        57        18    2   9.818735e-04   5.000000e-01  -2.801614e-05    5         4         0
        58         0    1  -3.335483e-01   3.331463e-01   5.000000e-01    5         5         0
        59         0    1  -2.921061e-01   1.248427e-01   5.000000e-01    5         5         0
        60         0    1  -2.921300e-01  -1.248913e-01   5.000000e-01    5         5         0
        61         0    1  -3.336189e-01  -3.331710e-01   5.000000e-01    5         5         0
        62         0    1   3.331102e-01   3.331503e-01   5.000000e-01    5         5         0
        63         0    1   1.245161e-01   2.915828e-01   5.000000e-01    5         5         0
        64         0    1  -1.256259e-01   2.915648e-01   5.000000e-01    5         5         0
        65         0    1  -1.254731e-01  -2.916208e-01   5.000000e-01    5         5         0
        66         0    1   1.245453e-01  -2.916081e-01   5.000000e-01    5         5         0
        67         0    1   3.330294e-01  -3.331478e-01   5.000000e-01    5         5         0
        68         0    1   2.911463e-01  -1.248621e-01   5.000000e-01    5         5         0
        69         0    1   2.910317e-01   1.248445e-01   5.000000e-01    5         5         0
        70         0    1  -9.894452e-04  -2.759916e-05   5.000000e-01    5         5         0
        71         0    1  -5.000000e-01   1.595981e-01   3.319519e-01    5         6         0
        72        19    1  -5.000000e-01   3.710476e-01  -1.155123e-10    5         6         0
        73        20    2  -5.000000e-01  -3.302838e-01   2.966475e-01    5         6         0
        74         0    1  -5.000000e-01   3.326795e-01   2.844622e-01    5         6         0
        75         0    1  -5.000000e-01  -1.591042e-01   3.343893e-01    5         6         0
        76         0    1   3.335443e-01  -5.000000e-01   3.331462e-01    5         7         0
        77         0    1   2.921018e-01  -5.000000e-01   1.248425e-01    5         7         0
        78        21    1   2.921257e-01  -5.000000e-01  -1.248915e-01    5         7         0
        79        22    2  -3.331142e-01  -5.000000e-01   3.331502e-01    5         7         0
        80        23    1  -1.245253e-01  -5.000000e-01   2.915826e-01    5         7         0
        81         0    1   1.256165e-01  -5.000000e-01   2.915645e-01    5         7         0
        82        24    2   9.818735e-04  -5.000000e-01  -2.801614e-05    5         7         0
        83         0    1   2.948755e-01   1.267696e-01  -9.141067e-02    6         3         0
        84         0    1   3.085086e-01   1.697858e-01   2.708653e-02    6         3         0
        85         0    1   2.948755e-01  -1.267696e-01   9.141067e-02    6         4         0
        86         0    1   3.085086e-01  -1.697858e-01  -2.708653e-02    6         4         0
        87        25    1  -3.285801e-01   1.720081e-01  -9.150843e-18    6    100002         0
        88        26    2   2.947710e-01   1.265374e-01  -9.150928e-02    6    100003         0
        89        27    1   3.083012e-01   1.695839e-01   2.695997e-02    6    100003         0
        90         0    1   2.947710e-01  -1.265374e-01   9.150928e-02    6    100004         0
        91        28    2   3.083012e-01  -1.695839e-01  -2.695997e-02    6    100004         0
        92         0    1   3.213321e-01   1.832246e-01   2.282207e-01    4         3         0
        93         0    1   3.396486e-01  -1.728928e-01   2.359325e-01    4         3         0
        94         0    1   3.325715e-01   5.475387e-04   3.424176e-01    4         3         0
        95         0    1   3.402254e-01   3.449741e-01   1.897068e-01    4         3         0
        96         0    1   3.521521e-01  -3.179038e-01   1.492874e-01    4         3         0
        97         0    1   3.816311e-01  -3.631022e-01  -2.457725e-02    4         3         0
        98        29    1   3.426999e-01  -3.481189e-01  -1.892888e-01    4         3         0
        99         0    1   3.189895e-01   2.986177e-01   3.731059e-01    4         3         0
       100         0    1   3.288717e-01  -2.170737e-01   3.809963e-01    4         3         0
       101         0    1  -1.883369e-01   2.719323e-01   3.274845e-01    4         3         0
       102         0    1   4.685174e-03   2.987079e-01   3.552744e-01    4         3         0
       103         0    1  -3.597709e-01   3.243857e-01   2.625906e-01    4         3         0
       104        30    2   2.349676e-01   3.370300e-01  -2.552560e-03    4         3         0
       105         0    1  -1.787872e-03   2.809770e-01   2.008964e-01    4         3         0
       106        31    1  -2.177722e-01   3.351003e-01   3.404860e-03    4         3         0
       107         0    1   1.687439e-01   2.992719e-01   1.217263e-01    4         3         0
       108         0    1  -2.211864e-01   2.676243e-01   1.419297e-01    4         3         0
       109         0    1  -3.724236e-01  -5.431998e-03   3.443533e-01    4         3         0
       110         0    1  -3.371114e-01  -2.551273e-01   3.444160e-01    4         3         0
       111         0    1  -1.903596e-01  -3.091309e-01   2.829145e-01    4         3         0
       112         0    1   7.116031e-03  -3.533763e-01   2.717491e-01    4         3         0
       113         0    1   2.380753e-01  -3.242576e-01   3.126767e-01    4         3         0
       114         0    1  -2.210020e-01  -1.978791e-03   3.264413e-01    4         3         0
       115         0    1   1.007995e-02  -2.124726e-01   2.606234e-01    4         3         0
       116         0    1  -1.045973e-01   1.443883e-01   2.747924e-01    4         3         0
       117         0    1  -1.647837e-01  -1.476591e-01   2.873008e-01    4         3         0
       118         0    1   1.444374e-01   1.156534e-01   2.991605e-01    4         3         0
       119         0    1   1.863872e-01  -1.247253e-01   3.137850e-01    4         3         0
       120         0    1  -3.216712e-01   1.382839e-01   2.705331e-01    4         3         0
       121        32    2  -3.204750e-01  -1.514940e-01   2.289507e-01    4         3         0
       122        33    1  -3.409215e-01  -3.378548e-01   1.761432e-01    4         3         0
       123         0    1   2.327409e-01  -3.339240e-01  -3.743004e-04    4         3         0
       124         0    1   1.858615e-01  -2.742631e-01   1.494271e-01    4         3         0
       125        34    2   1.720970e-01  -3.015851e-01  -1.142232e-01    4         3         0
       126        35    1  -1.539194e-01  -2.974655e-01   1.549462e-01    4         3         0
       127        36    2  -1.255095e-01  -1.324150e-01   9.043170e-03    4         3         0
       128        37    1  -1.023363e-01   1.259656e-01   2.088877e-03    4         3         0
       129         0    1   1.222571e-01   1.220253e-01   1.238662e-01    4         3         0
       130        38    2   1.369660e-01   1.636732e-01  -2.839676e-02    4         3         0
       131         0    1   1.466788e-01  -9.494995e-02   1.329307e-01    4         3         0
       132        39    1   1.252802e-01  -1.288426e-01  -1.294999e-01    4         3         0
       133         0    1   1.769584e-01  -1.674863e-01   1.126307e-02    4         3         0
       134         0    1   1.645455e-01   2.759106e-01   2.715928e-01    4         3         0
       135        40    2   3.167112e-03   2.753836e-01   5.672932e-03    4         3         0
       136         0    1  -2.801604e-02  -1.696655e-02   2.035347e-01    4         3         0
       137        41    1   3.119364e-02  -2.550301e-01   2.653303e-02    4         3         0
       138        42    2   7.228162e-02  -1.654725e-02  -7.678814e-03    4         3         0

         1        18         1        43        22    4         2         0         2         4         0         0    5    6    0    0
         2        19        18        43        86    4         2         0         2         4         0         0    5    6    0    0
         3         2        19        43        23    4         2         0         2         4         0         0    5    6    0    0
         4        21         2        43        23    4         2         0         2         3         0         0    5    6    0    0
         5        20        21        43        84    4         2         0         2         3         0         0    5    6    0    0
         6         1        20        43        22    4         2         0         2         3         0         0    5    6    0    0
         7         3        23        83        43    4         2         0         3         0         0         0    6    0    0    0
         8        22         3        84        43    4         2         0         3         0         0         0    6    0    0    0
         9        23        21        83        43    4         2         0         3         0         0         0    6    0    0    0
        10         3        83        84        43    4         2         0         3         0         0         0    6    0    0    0
        11        22        84        20        43    4         2         0         3         0         0         0    6    0    0    0
        12        21        84        83        43    4         2         0         3         0         0         0    6    0    0    0
        13         3        22        85        43    4         2         0         4         0         0         0    6    0    0    0
        14        23         3        86        43    4         2         0         4         0         0         0    6    0    0    0
        15        22        18        85        43    4         2         0         4         0         0         0    6    0    0    0
        16         3        85        86        43    4         2         0         4         0         0         0    6    0    0    0
        17        23        86        19        43    4         2         0         4         0         0         0    6    0    0    0
        18        18        86        85        43    4         2         0         4         0         0         0    6    0    0    0
        19        15         5        44        92    4         3         0         3         0         0         0    5    0    0    0
        20        16        15        45        89    4         3         0         3    100003         0         0    5    6    0    0
        21        28         9        46        76    4         3         0         3         7         0         0    5    5    0    0
        22        29        28        47        77    4         3         0         3         7         0         0    5    5    0    0
        23        99         8        31        49    4         3         0         0         0         3         0    0    0    5    0
        24        32        31        44        69    4         3         0         3         5         0         0    5    5    0    0
        25        33        32        50        68    4         3         0         3         5         0         0    5    5    0    0
        26         9        33        46        67    4         3         0         3         5         0         0    5    5    0    0
        27         8        27        49        51    4         3         0         3         4         0         0    5    5    0    0
        28        12        13        47        91    4         3         0         3    100004         0         0    5    6    0    0
        29         5        12        50        93    4         3         0         3         0         0         0    5    0    0    0
        30        44         5        32        94    4         3         0         3         0         0         0    5    0    0    0
        31        15        44        49        92    4         3         0         3         0         0         0    5    0    0    0
        32        45        15        49        95    4         3         0         3         0         0         0    5    0    0    0
        33        28        46        47        96    4         3         0         3         0         0         0    5    0    0    0
        34        29        47        48        97    4         3         0         3         0         0         0    5    0    0    0
        35        31        49        44        99    4         3         0         3         0         0         0    5    0    0    0
        36        50        32         5        94    4         3         0         3         0         0         0    5    0    0    0
        37        33        50        46       100    4         3         0         3         0         0         0    5    0    0    0
        38        27        45        49        95    4         3         0         3         0         0         0    5    0    0    0
        39        47        13        48        97    4         3         0         3         0         0         0    5    0    0    0
        40        12        47        46        96    4         3         0         3         0         0         0    5    0    0    0
        41        50        12        46        93    4         3         0         3         0         0         0    5    0    0    0
        42        39        10        53        58    4         3         0         4         5         0         0    5    5    0    0
        43        38        39        54        64    4         3         0         4         5         0         0    5    5    0    0
        44        37        38        55        63    4         3         0         4         5         0         0    5    5    0    0
        45        99        37         8        51    4         3         0         0         0         4         0    0    0    5    0
        46        30        10        58        53    4         3         0         0         4         0         0    0    5    0    0
        47        27        51        52        95    4         3         0         4         0         0         0    5    0    0    0
        48        38        54        55       102    4         3         0         4         0         0         0    5    0    0    0
        49        37        55        51        99    4         3         0         4         0         0         0    5    0    0    0
        50        30        56        53       103    4         3         0         4         0         0         0    5    0    0    0
        51        52        51        55        95    4         3         0         4         0         0         0    5    0    0    0
        52        54        53        56       103    4         3         0         4         0         0         0    5    0    0    0
        53        55        54        57       105    4         3         0         4         0         0         0    5    0    0    0
        54        52        55        57       107    4         3         0         4         0         0         0    5    0    0    0
        55        54        56        57       108    4         3         0         4         0         0         0    5    0    0    0
        56        34        10        58        74    4         3         0         5         6         0         0    5    5    0    0
        57        35        34        59        71    4         3         0         5         6         0         0    5    5    0    0
        58        36        35        60        75    4         3         0         5         6         0         0    5    5    0    0
        59        11        36        61        73    4         3         0         5         6         0         0    5    5    0    0
        60        42        11        61        79    4         3         0         5         7         0         0    5    5    0    0
        61        41        42        65        80    4         3         0         5         7         0         0    5    5    0    0
        62        40        41        66        81    4         3         0         5         7         0         0    5    5    0    0
        63         9        40        67        76    4         3         0         5         7         0         0    5    5    0    0
        64        34        58        59        71    4         3         0         5         0         0         0    5    0    0    0
        65        35        59        60       109    4         3         0         5         0         0         0    5    0    0    0
        66        36        60        61       110    4         3         0         5         0         0         0    5    0    0    0
        67        37        62        63        99    4         3         0         5         0         0         0    5    0    0    0
        68        38        63        64       102    4         3         0         5         0         0         0    5    0    0    0
        69        54        58        64        39    4         3         0         0         0         5         0    0    0    5    0
        70        41        65        66       112    4         3         0         5         0         0         0    5    0    0    0
        71        40        66        67       113    4         3         0         5         0         0         0    5    0    0    0
        72        33        67        68       100    4         3         0         5         0         0         0    5    0    0    0
        73        32        68        69        94    4         3         0         5         0         0         0    5    0    0    0
        74        31        69        62        99    4         3         0         5         0         0         0    5    0    0    0
        75        59        58        64       101    4         3         0         5         0         0         0    5    0    0    0
        76        60        59        70       114    4         3         0         5         0         0         0    5    0    0    0
        77        61        60        65       110    4         3         0         5         0         0         0    5    0    0    0
        78        63        62        69        99    4         3         0         5         0         0         0    5    0    0    0
        79        64        63        70       102    4         3         0         5         0         0         0    5    0    0    0
        80        66        65        70       115    4         3         0         5         0         0         0    5    0    0    0
        81        67        66        68       100    4         3         0         5         0         0         0    5    0    0    0
        82        69        68        70        94    4         3         0         5         0         0         0    5    0    0    0
        83        59        64        70       116    4         3         0         5         0         0         0    5    0    0    0
        84        60        70        65       117    4         3         0         5         0         0         0    5    0    0    0
        85        63        69        70       118    4         3         0         5         0         0         0    5    0    0    0
        86        66        70        68       119    4         3         0         5         0         0         0    5    0    0    0
        87         4        17        71       120    4         3         0         6         0         0         0    5    0    0    0
        88        14         4        75       121    4         3         0         6         0         0         0    5    0    0    0
        89         4        71        35       109    4         3         0         6         0         0         0    5    0    0    0
        90        71        17        74       103    4         3         0         6         0         0         0    5    0    0    0
        91        17        72        74       103    4         3         0         6         0         0         0    5    0    0    0
        92        74        34        71        58    4         3         0         6         0         0         0    5    0    0    0
        93        35        75         4       109    4         3         0         6         0         0         0    5    0    0    0
        94        75        36        73       110    4         3         0         6         0         0         0    5    0    0    0
        95        72        30        74       103    4         3         0         6         0         0         0    5    0    0    0
        96        14        75        73       110    4         3         0         6         0         0         0    5    0    0    0
        97        76        28        77        96    4         3         0         7         0         0         0    5    0    0    0
        98        77        29        78        97    4         3         0         7         0         0         0    5    0    0    0
        99        65        79        80        42    4         3         0         0         0         7         0    0    0    5    0
       100        80        41        81       112    4         3         0         7         0         0         0    5    0    0    0
       101        81        40        76       113    4         3         0         7         0         0         0    5    0    0    0
       102        77        76       113        81    4         3         0         0         7         0         0    0    5    0    0
       103        77        78        82       123    4         3         0         7         0         0         0    5    0    0    0
       104        80        81        82       112    4         3         0         7         0         0         0    5    0    0    0
       105        81        77        82       124    4         3         0         7         0         0         0    5    0    0    0
       106         4        24        17       120    4         3         0    100002         0         0         0    6    0    0    0
       107       108        24        17        87    4         3         0         0         0    100002         0    0    0    6    0
       108         7        25        89       129    4         3         0    100003         0         0         0    6    0    0    0
       109        25         5        15        92    4         3         0    100003         0         0         0    6    0    0    0
       110        88         7        89       130    4         3         0    100003         0         0         0    6    0    0    0
       111        89        25        15        92    4         3         0    100003         0         0         0    6    0    0    0
       112         5        25        12        93    4         3         0    100004         0         0         0    6    0    0    0
       113        25         7        90       131    4         3         0    100004         0         0         0    6    0    0    0
       114         7        26        91       132    4         3         0    100004         0         0         0    6    0    0    0
       115        12        25        90        93    4         3         0    100004         0         0         0    6    0    0    0
       116        90         7        91       133    4         3         0    100004         0         0         0    6    0    0    0
       117        12        91        47        96    4         3         0         0         0         0         0    0    0    0    0
       118        44        92         5        94    4         3         0         0         0         0         0    0    0    0    0
       119        45        89        15        95    4         3         0         0         0         0         0    0    0    0    0
       120        46        76         9        67    4         3         0         0         0         0         0    0    0    0    0
       121        28        76        46        96    4         3         0         0         0         0         0    0    0    0    0
       122        47        77        28        96    4         3         0         0         0         0         0    0    0    0    0
       123        29        77        47        97    4         3         0         0         0         0         0    0    0    0    0
       124        48        78        29        97    4         3         0         0         0         0         0    0    0    0    0
       125         8        99        31        62    4         3         0         0         0         0         5    0    0    0    5
       126        44        69        31        99    4         3         0         0         0         0         0    0    0    0    0
       127        32        69        44        94    4         3         0         0         0         0         0    0    0    0    0
       128        50        68        32        94    4         3         0         0         0         0         0    0    0    0    0
       129        33        68        50       100    4         3         0         0         0         0         0    0    0    0    0
       130        46        67        33       100    4         3         0         0         0         0         0    0    0    0    0
       131        27        52        45        95    4         3         0         0         0         0         0    0    0    0    0
       132        49        51        27        95    4         3         0         0         0         0         0    0    0    0    0
       133        47        91        13        97    4         3         0         0         0         0         0    0    0    0    0
       134         5        93        50        94    4         3         0         0         0         0         0    0    0    0    0
       135        49        92        44        99    4         3         0         0         0         0         0    0    0    0    0
       136        15        92        49        95    4         3         0         0         0         0         0    0    0    0    0
       137        46       100        50        93    4         3         0         0         0         0         0    0    0    0    0
       138        48        97        13        98    4         3         0         0         0         0         0    0    0    0    0
       139        12        96        46        93    4         3         0         0         0         0         0    0    0    0    0
       140        91        12        90        96    4         3         0    100004         0         0         0    6    0    0    0
       141        30        58        10        74    4         3         0         0         0         0         6    0    0    0    5
       142        54        58        39        53    4         3         0         0         0         0         4    0    0    0    5
       143        58        54        64       101    4         3         0         0         0         0         0    0    0    0    0
       144        38        64        54       102    4         3         0         0         0         0         0    0    0    0    0
       145        55        63        38       102    4         3         0         0         0         0         0    0    0    0    0
       146        37        63        55        99    4         3         0         0         0         0         0    0    0    0    0
       147        37        99         8        62    4         3         0         0         0         0         5    0    0    0    5
       148        30        72        56       103    4         3         0         0         0         0         0    0    0    0    0
       149       103        30        74        58    4         3         0         0         0         0         0    0    0    0    0
       150       103        54        53        58    4         3         0         0         0         0         0    0    0    0    0
       151        55       102        54       105    4         3         0         0         0         0         0    0    0    0    0
       152        51        99        55        95    4         3         0         0         0         0         0    0    0    0    0
       153        52        95        55       107    4         3         0         0         0         0         0    0    0    0    0
       154        57       104        52       107    4         3         0         0         0         0         0    0    0    0    0
       155        54       103        56       108    4         3         0         0         0         0         0    0    0    0    0
       156        57       105        54       108    4         3         0         0         0         0         0    0    0    0    0
       157        55       105        57       107    4         3         0         0         0         0         0    0    0    0    0
       158        56       106        57       108    4         3         0         0         0         0         0    0    0    0    0
       159        35        71        59       109    4         3         0         0         0         0         0    0    0    0    0
       160        60        75        35       109    4         3         0         0         0         0         0    0    0    0    0
       161        36        75        60       110    4         3         0         0         0         0         0    0    0    0    0
       162        61        73        36       110    4         3         0         0         0         0         0    0    0    0    0
       163        11        73        61        79    4         3         0         0         0         0         0    0    0    0    0
       164        65        79        42        61    4         3         0         0         0         0         5    0    0    0    5
       165        79        65        80       111    4         3         0         0         0         0         0    0    0    0    0
       166        41        80        65       112    4         3         0         0         0         0         0    0    0    0    0
       167        66        81        41       112    4         3         0         0         0         0         0    0    0    0    0
       168        40        81        66       113    4         3         0         0         0         0         0    0    0    0    0
       169        67        76        40       113    4         3         0         0         0         0         0    0    0    0    0
       170       103        58        59       101    4         3         0         0         0         0         0    0    0    0    0
       171        60       109        59       114    4         3         0         0         0         0         0    0    0    0    0
       172       110        65        61        79    4         3         0         0         0         0         0    0    0    0    0
       173        66       112        65       115    4         3         0         0         0         0         0    0    0    0    0
       174        67       113        66       100    4         3         0         0         0         0         0    0    0    0    0
       175        59       101        64       116    4         3         0         0         0         0         0    0    0    0    0
       176        70       114        59       116    4         3         0         0         0         0         0    0    0    0    0
       177        60       114        70       117    4         3         0         0         0         0         0    0    0    0    0
       178        65       110        60       117    4         3         0         0         0         0         0    0    0    0    0
       179        63        99        69       118    4         3         0         0         0         0         0    0    0    0    0
       180        70       102        63       118    4         3         0         0         0         0         0    0    0    0    0
       181        64       102        70       116    4         3         0         0         0         0         0    0    0    0    0
       182        70       115        65       117    4         3         0         0         0         0         0    0    0    0    0
       183        66       115        70       119    4         3         0         0         0         0         0    0    0    0    0
       184        68       100        66       119    4         3         0         0         0         0         0    0    0    0    0
       185        70        94        68       119    4         3         0         0         0         0         0    0    0    0    0
       186        69        94        70       118    4         3         0         0         0         0         0    0    0    0    0
       187        71       120        17       103    4         3         0         0         0         0         0    0    0    0    0
       188         4       120        71       109    4         3         0         0         0         0         0    0    0    0    0
       189       108        72        87        17    4         3         0         0         0         0         0    0    0    0    0
       190        75       121         4       109    4         3         0         0         0         0         0    0    0    0    0
       191        14       121        75       110    4         3         0         0         0         0         0    0    0    0    0
       192        71       103        74        58    4         3         0         0         0         0         0    0    0    0    0
       193        73       122        14       110    4         3         0         0         0         0         0    0    0    0    0
       194        77        97        78       123    4         3         0         0         0         0         0    0    0    0    0
       195        79       111        80       122    4         3         0         0         0         0         0    0    0    0    0
       196        77       113        76        96    4         3         0         0         0         0         0    0    0    0    0
       197       124        77        96       113    4         3         0         0         0         0         0    0    0    0    0
       198        82       123        78       125    4         3         0         0         0         0         0    0    0    0    0
       199        77       123        82       124    4         3         0         0         0         0         0    0    0    0    0
       200        82       112        81       124    4         3         0         0         0         0         0    0    0    0    0
       201        80       112        82       126    4         3         0         0         0         0         0    0    0    0    0
       202         4       121        24       109    4         3         0         0         0         0         0    0    0    0    0
       203        24       120         4       109    4         3         0         0         0         0         0    0    0    0    0
       204        24        87       108       128    4         3         0         0         0         0         0    0    0    0    0
       205       108        17       120       103    4         3         0         0         0         0         0    0    0    0    0
       206        89       129        25        92    4         3         0         0         0         0         0    0    0    0    0
       207         7       129        89       130    4         3         0         0         0         0         0    0    0    0    0
       208        25       129         7       131    4         3         0         0         0         0         0    0    0    0    0
       209         5        92        25        94    4         3         0         0         0         0         0    0    0    0    0
       210        89        92        15        95    4         3         0         0         0         0         0    0    0    0    0
       211        25        93         5        94    4         3         0         0         0         0         0    0    0    0    0
       212        90       131         7       133    4         3         0         0         0         0         0    0    0    0    0
       213        25       131        90        93    4         3         0         0         0         0         0    0    0    0    0
       214         7       132        91       133    4         3         0         0         0         0         0    0    0    0    0
       215        12        93        90        96    4         3         0         0         0         0         0    0    0    0    0
       216        91       124       133       123    4         3         0         0         0         0         0    0    0    0    0
       217        92        94        44        99    4         3         0         0         0         0         0    0    0    0    0
       218       113        67        46       100    4         3         0         0         0         0         0    0    0    0    0
       219        46        96        76       113    4         3         0         0         0         0         0    0    0    0    0
       220        77        96        47        97    4         3         0         0         0         0         0    0    0    0    0
       221        78        97        48        98    4         3         0         0         0         0         0    0    0    0    0
       222        99         8        49        51    4         3         0         0         0         0         0    0    0    0    0
       223        69        99        44        94    4         3         0         0         0         0         0    0    0    0    0
       224       100        94        50        93    4         3         0         0         0         0         0    0    0    0    0
       225       100        50        94        68    4         3         0         0         0         0         0    0    0    0    0
       226        45        95        52       104    4         3         0         0         0         0         0    0    0    0    0
       227        51        95        49        99    4         3         0         0         0         0         0    0    0    0    0
       228        13        97        91        98    4         3         0         0         0         0         0    0    0    0    0
       229        92        99        49        95    4         3         0         0         0         0         0    0    0    0    0
       230       113        46        93       100    4         3         0         0         0         0         0    0    0    0    0
       231        91        96        97        47    4         3         0         0         0         0         0    0    0    0    0
       232        30       103        53        58    4         3         0         0         0         0         0    0    0    0    0
       233        54       103       101        58    4         3         0         0         0         0         0    0    0    0    0
       234        64       101        54       102    4         3         0         0         0         0         0    0    0    0    0
       235        63       102        55       134    4         3         0         0         0         0         0    0    0    0    0
       236        55        99        63       134    4         3         0         0         0         0         0    0    0    0    0
       237       108        72        56       106    4         3         0         0         0         0         0    0    0    0    0
       238       101       103        54       108    4         3         0         0         0         0         0    0    0    0    0
       239       105        54       101       102    4         3         0         0         0         0         0    0    0    0    0
       240       102       105        55       134    4         3         0         0         0         0         0    0    0    0    0
       241        55        95        99       134    4         3         0         0         0         0         0    0    0    0    0
       242        55       107        95       134    4         3         0         0         0         0         0    0    0    0    0
       243        95       107        52       104    4         3         0         0         0         0         0    0    0    0    0
       244       104       107        57       135    4         3         0         0         0         0         0    0    0    0    0
       245       108        56        72       103    4         3         0         0         0         0         0    0    0    0    0
       246       105       108        57       135    4         3         0         0         0         0         0    0    0    0    0
       247        57       107       105       135    4         3         0         0         0         0         0    0    0    0    0
       248       105       107        55       134    4         3         0         0         0         0         0    0    0    0    0
       249        57       108       106       135    4         3         0         0         0         0         0    0    0    0    0
       250        59       109        71       120    4         3         0         0         0         0         0    0    0    0    0
       251       121        75        60       109    4         3         0         0         0         0         0    0    0    0    0
       252        73       110        61        79    4         3         0         0         0         0         0    0    0    0    0
       253        65       110       111        79    4         3         0         0         0         0         0    0    0    0    0
       254        80       111        65       112    4         3         0         0         0         0         0    0    0    0    0
       255        81       112        66       113    4         3         0         0         0         0         0    0    0    0    0
       256        58       103        59        71    4         3         0         0         0         0         0    0    0    0    0
       257       103       120        59        71    4         3         0         0         0         0         0    0    0    0    0
       258        59       114       109       120    4         3         0         0         0         0         0    0    0    0    0
       259       109       114        60       121    4         3         0         0         0         0         0    0    0    0    0
       260       111       110        65       117    4         3         0         0         0         0         0    0    0    0    0
       261       115        65       111       112    4         3         0         0         0         0         0    0    0    0    0
       262       115        66       113       119    4         3         0         0         0         0         0    0    0    0    0
       263        66       100       113       119    4         3         0         0         0         0         0    0    0    0    0
       264        64       116       101       102    4         3         0         0         0         0         0    0    0    0    0
       265       101       116        59       120    4         3         0         0         0         0         0    0    0    0    0
       266        59       116       114       120    4         3         0         0         0         0         0    0    0    0    0
       267       114       116        70       136    4         3         0         0         0         0         0    0    0    0    0
       268        70       117       114       136    4         3         0         0         0         0         0    0    0    0    0
       269       114       117        60       121    4         3         0         0         0         0         0    0    0    0    0
       270        60       117       110       121    4         3         0         0         0         0         0    0    0    0    0
       271        69       118        99        94    4         3         0         0         0         0         0    0    0    0    0
       272        99       118        63       134    4         3         0         0         0         0         0    0    0    0    0
       273        63       118       102       134    4         3         0         0         0         0         0    0    0    0    0
       274       102       118        70       116    4         3         0         0         0         0         0    0    0    0    0
       275       115       117        70       136    4         3         0         0         0         0         0    0    0    0    0
       276        70       119       115       136    4         3         0         0         0         0         0    0    0    0    0
       277       119       100        93        94    4         3         0         0         0         0         0    0    0    0    0
       278       100       119        68        94    4         3         0         0         0         0         0    0    0    0    0
       279        94       119        70       118    4         3         0         0         0         0         0    0    0    0    0
       280       103        59       120       101    4         3         0         0         0         0         0    0    0    0    0
       281        72       108       103        17    4         3         0         0         0         0         0    0    0    0    0
       282        79       122        73       110    4         3         0         0         0         0         0    0    0    0    0
       283       121       110        14       122    4         3         0         0         0         0         0    0    0    0    0
       284        97       123        77        96    4         3         0         0         0         0         0    0    0    0    0
       285        80       122       111       126    4         3         0         0         0         0         0    0    0    0    0
       286       111       122        79       110    4         3         0         0         0         0         0    0    0    0    0
       287        77       124        81       113    4         3         0         0         0         0         0    0    0    0    0
       288        77       124        96       123    4         3         0         0         0         0         0    0    0    0    0
       289       123       125        82       137    4         3         0         0         0         0         0    0    0    0    0
       290        82       124       123       137    4         3         0         0         0         0         0    0    0    0    0
       291       123        78        98        97    4         3         0         0         0         0         0    0    0    0    0
       292        81       124       112       113    4         3         0         0         0         0         0    0    0    0    0
       293       137       112        82       124    4         3         0         0         0         0         0    0    0    0    0
       294       112       126        80       111    4         3         0         0         0         0         0    0    0    0    0
       295        24       109       121       114    4         3         0         0         0         0         0    0    0    0    0
       296       117       127       121        24    4         3         0         0         0         0         0    0    0    0    0
       297       127       128        24       136    4         3         0         0         0         0         0    0    0    0    0
       298       120       109        24       114    4         3         0         0         0         0         0    0    0    0    0
       299       116        24       120       108    4         3         0         0         0         0         0    0    0    0    0
       300        24       108        17       120    4         3         0         0         0         0         0    0    0    0    0
       301        25        92       129       118    4         3         0         0         0         0         0    0    0    0    0
       302       107        89        92       129    4         3         0         0         0         0         0    0    0    0    0
       303        89       130       129       107    4         3         0         0         0         0         0    0    0    0    0
       304       129       130         7       138    4         3         0         0         0         0         0    0    0    0    0
       305         7       131       129       138    4         3         0         0         0         0         0    0    0    0    0
       306       129       131        25       118    4         3         0         0         0         0         0    0    0    0    0
       307        25        94        92       118    4         3         0         0         0         0         0    0    0    0    0
       308        89       104       130       107    4         3         0         0         0         0         0    0    0    0    0
       309        45       104        89        95    4         3         0         0         0         0         0    0    0    0    0
       310        94       119       118        25    4         3         0         0         0         0         0    0    0    0    0
       311         7       133       131       138    4         3         0         0         0         0         0    0    0    0    0
       312       131       133        90       124    4         3         0         0         0         0         0    0    0    0    0
       313        90        93       131       124    4         3         0         0         0         0         0    0    0    0    0
       314        91       133       132       125    4         3         0         0         0         0         0    0    0    0    0
       315       132       133         7       138    4         3         0         0         0         0         0    0    0    0    0
       316        90        96        93       124    4         3         0         0         0         0         0    0    0    0    0
       317        91       123       133       125    4         3         0         0         0         0         0    0    0    0    0
       318        96        91       124        90    4         3         0         0         0         0         0    0    0    0    0
       319        91       133       124        90    4         3         0         0         0         0         0    0    0    0    0
       320        94        99        92       118    4         3         0         0         0         0         0    0    0    0    0
       321        67       113        46        76    4         3         0         0         0         0         0    0    0    0    0
       322        91        98        97       123    4         3         0         0         0         0         0    0    0    0    0
       323        99        95        92       134    4         3         0         0         0         0         0    0    0    0    0
       324        46       113        93        96    4         3         0         0         0         0         0    0    0    0    0
       325        91        96       123        97    4         3         0         0         0         0         0    0    0    0    0
       326       105       101        54       108    4         3         0         0         0         0         0    0    0    0    0
       327       103       108       101       120    4         3         0         0         0         0         0    0    0    0    0
       328       116       105       108       101    4         3         0         0         0         0         0    0    0    0    0
       329       105       134       102       118    4         3         0         0         0         0         0    0    0    0    0
       330       107        92       134       129    4         3         0         0         0         0         0    0    0    0    0
       331       107       104        95        89    4         3         0         0         0         0         0    0    0    0    0
       332       107       135       104       130    4         3         0         0         0         0         0    0    0    0    0
       333        87       108       106        72    4         3         0         0         0         0         0    0    0    0    0
       334       108       135       105       128    4         3         0         0         0         0         0    0    0    0    0
       335       105       135       107       129    4         3         0         0         0         0         0    0    0    0    0
       336       107       134       105       129    4         3         0         0         0         0         0    0    0    0    0
       337       106       135       108       128    4         3         0         0         0         0         0    0    0    0    0
       338        75       121        60       110    4         3         0         0         0         0         0    0    0    0    0
       339       115       111        65       117    4         3         0         0         0         0         0    0    0    0    0
       340       115       113        66       112    4         3         0         0         0         0         0    0    0    0    0
       341       111       122       110       121    4         3         0         0         0         0         0    0    0    0    0
       342       126       115       117       111    4         3         0         0         0         0         0    0    0    0    0
       343       124       115       112       113    4         3         0         0         0         0         0    0    0    0    0
       344       113       119       100        93    4         3         0         0         0         0         0    0    0    0    0
       345       105       116       102       101    4         3         0         0         0         0         0    0    0    0    0
       346       116       120       101       108    4         3         0         0         0         0         0    0    0    0    0
       347       114       120       116        24    4         3         0         0         0         0         0    0    0    0    0
       348        70       136       116       118    4         3         0         0         0         0         0    0    0    0    0
       349       116       136       114        24    4         3         0         0         0         0         0    0    0    0    0
       350       114       136       117        24    4         3         0         0         0         0         0    0    0    0    0
       351       117       121       114        24    4         3         0         0         0         0         0    0    0    0    0
       352       118       134        99        92    4         3         0         0         0         0         0    0    0    0    0
       353       118       116       102       105    4         3         0         0         0         0         0    0    0    0    0
       354       117       136       115       127    4         3         0         0         0         0         0    0    0    0    0
       355       115       136       119       131    4         3         0         0         0         0         0    0    0    0    0
       356       119       136        70       118    4         3         0         0         0         0         0    0    0    0    0
       357       119       131        25        93    4         3         0         0         0         0         0    0    0    0    0
       358       111       117       121       110    4         3         0         0         0         0         0    0    0    0    0
       359        78       123        98       125    4         3         0         0         0         0         0    0    0    0    0
       360       111       121       117       126    4         3         0         0         0         0         0    0    0    0    0
       361        96       124       113        93    4         3         0         0         0         0         0    0    0    0    0
       362        91        96       124       123    4         3         0         0         0         0         0    0    0    0    0
       363       125       137       123       133    4         3         0         0         0         0         0    0    0    0    0
       364       123       137       124       133    4         3         0         0         0         0         0    0    0    0    0
       365       137        82       112       126    4         3         0         0         0         0         0    0    0    0    0
       366       115       124       119       113    4         3         0         0         0         0         0    0    0    0    0
       367       137       115       126       112    4         3         0         0         0         0         0    0    0    0    0
       368       115       126       112       111    4         3         0         0         0         0         0    0    0    0    0
       369       127       117       121       126    4         3         0         0         0         0         0    0    0    0    0
       370        24       117       127       136    4         3         0         0         0         0         0    0    0    0    0
       371        24       136       128       116    4         3         0         0         0         0         0    0    0    0    0
       372       128       136       127       138    4         3         0         0         0         0         0    0    0    0    0
       373        24       116       128       108    4         3         0         0         0         0         0    0    0    0    0
       374        87       108       128       106    4         3         0         0         0         0         0    0    0    0    0
       375       129       118        92       134    4         3         0         0         0         0         0    0    0    0    0
       376        89       107        92        95    4         3         0         0         0         0         0    0    0    0    0
       377       107       134        92        95    4         3         0         0         0         0         0    0    0    0    0
       378       129       107       130       135    4         3         0         0         0         0         0    0    0    0    0
       379       130       138       129       128    4         3         0         0         0         0         0    0    0    0    0
       380       129       138       131       136    4         3         0         0         0         0         0    0    0    0    0
       381       119        94        93        25    4         3         0         0         0         0         0    0    0    0    0
       382       131       118       129       136    4         3         0         0         0         0         0    0    0    0    0
       383       119        25       131       118    4         3         0         0         0         0         0    0    0    0    0
       384       137       131       138       127    4         3         0         0         0         0         0    0    0    0    0
       385       133       124       131       137    4         3         0         0         0         0         0    0    0    0    0
       386       131       124        93       119    4         3         0         0         0         0         0    0    0    0    0
       387       132       125       133       137    4         3         0         0         0         0         0    0    0    0    0
       388       137       132       138       133    4         3         0         0         0         0         0    0    0    0    0
       389       123       125        91        98    4         3         0         0         0         0         0    0    0    0    0
       390       105       116       108       128    4         3         0         0         0         0         0    0    0    0    0
       391       134       118       105       129    4         3         0         0         0         0         0    0    0    0    0
       392       105       128       135       129    4         3         0         0         0         0         0    0    0    0    0
       393       122       111       126       121    4         3         0         0         0         0         0    0    0    0    0
       394       115       126       117       127    4         3         0         0         0         0         0    0    0    0    0
       395       119       124       115       131    4         3         0         0         0         0         0    0    0    0    0
       396       119        93       113       124    4         3         0         0         0         0         0    0    0    0    0
       397       116       118       136       129    4         3         0         0         0         0         0    0    0    0    0
       398       116       105       118       129    4         3         0         0         0         0         0    0    0    0    0
       399       115       127       136       131    4         3         0         0         0         0         0    0    0    0    0
       400       119       131       136       118    4         3         0         0         0         0         0    0    0    0    0
       401       115       137       124       112    4         3         0         0         0         0         0    0    0    0    0
       402       137       127       126       115    4         3         0         0         0         0         0    0    0    0    0
       403       128       116       136       129    4         3         0         0         0         0         0    0    0    0    0
       404       127       138       136       131    4         3         0         0         0         0         0    0    0    0    0
       405       136       138       128       129    4         3         0         0         0         0         0    0    0    0    0
       406       129       135       130       128    4         3         0         0         0         0         0    0    0    0    0
       407       131       137       138       133    4         3         0         0         0         0         0    0    0    0    0
       408       131       137       124       115    4         3         0         0         0         0         0    0    0    0    0
       409       116       128       105       129    4         3         0         0         0         0         0    0    0    0    0
       410       127       131       115       137    4         3         0         0         0         0         0    0    0    0    0

       411         2        23        21         6        26        16    7         3         0         3    100003        -1         0        -1    6    6    7    0    7
       412        23         3        83        26         7        88    7         3         0         3    100003        -1         0         0    6    6    7    0    0
       413         3        22        84         7        25        89    7         3         0         3    100003        -1         0         0    6    6    7    0    0
       414        22         1        20        25         5        15    7         3         0         3    100003        -1        -1         0    6    6    7    7    0
       415        20        21        84        15        16        89    7         3         0         3    100003        -1         0         0    6    6    7    0    0
       416        21        23        83        16        26        88    7         3         0         3    100003         0         0         0    6    6    0    0    0
       417        83         3        84        88         7        89    7         3         0         3    100003         0         0         0    6    6    0    0    0
       418        84        22        20        89        25        15    7         3         0         3    100003         0         0         0    6    6    0    0    0
       419        84        21        83        89        16        88    7         3         0         3    100003         0         0         0    6    6    0    0    0
       420         1        22        18         5        25        12    7         4         0         4    100004        -1         0        -1    6    6    7    0    7
       421        22         3        85        25         7        90    7         4         0         4    100004        -1         0         0    6    6    7    0    0
       422         3        23        86         7        26        91    7         4         0         4    100004        -1         0         0    6    6    7    0    0
       423        23         2        19        26         6        13    7         4         0         4    100004        -1        -1         0    6    6    7    7    0
       424        19        18        86        13        12        91    7         4         0         4    100004        -1         0         0    6    6    7    0    0
       425        18        22        85        12        25        90    7         4         0         4    100004         0         0         0    6    6    0    0    0
       426        85         3        86        90         7        91    7         4         0         4    100004         0         0         0    6    6    0    0    0
       427        86        23        19        91        26        13    7         4         0         4    100004         0         0         0    6    6    0    0    0
       428        86        18        85        91        12        90    7         4         0         4    100004         0         0         0    6    6    0    0    0
