28 3 53

10000 1e-05 1e-15

2 1 1

4 4 4 4 4 4 4 4 4 4 4 4 4 4 4 4 4 4 4 4 4 4 4 4 4 4 4 4 4 4 4 4 4 4 4 4 4 4 4 4 4 4 4 4 4 4 4 4 4 4 4 4 4 

   0    3    0	  5.00000000e-01   6.12303200e-19   2.99833300e-01 	1    7 0
   2    4    1	  1.90000000e-01  -1.83690900e-17   0.00000000e+00 	1    9 0
  -1    6    2	  5.00000000e-01  -5.00000000e-01   5.00000000e-01 	1   12 0
   3    3    3	 -2.48960400e-01   1.59835400e-17   1.47845700e-01 	2    9 0
   5    5    4	  5.00000000e-01  -2.59247900e-01   1.50633700e-01 	2   12 0
   7    2    5	  2.81433500e-01  -1.27705900e-17   2.15638600e-01 	2   14 0
  10    6    6	  5.00000000e-01  -5.00000000e-01   2.50000000e-01 	2   17 0
  12    2    7	  5.00000000e-01   2.50000000e-01   5.00000000e-01 	2   20 0
  11    0    8	  5.00000000e-01   0.00000000e+00   5.00000000e-01 	2   20 0
  51    4    9	  5.00000000e-01  -2.50000000e-01   5.00000000e-01 	2   20 0
  14    6   10	  2.50000000e-01  -5.00000000e-01   5.00000000e-01 	2   26 0
  16    7   11	  5.00000000e-01   0.00000000e+00   2.77555800e-17 	5    2 0
  23    2   12	  1.42015900e-01   2.59974700e-01   5.00000000e-01 	5    5 0
  25    6   13	  6.48099900e-02  -2.91616400e-01   5.00000000e-01 	5    5 0
  57    4   14	  2.61788300e-01  -1.65513900e-01   5.00000000e-01 	5    5 0
  30    0   15	  2.76624900e-01   6.57257900e-02   5.00000000e-01 	5    5 0
  26    7   16	 -2.07327800e-02  -1.83814500e-02   5.00000000e-01 	5    5 0
  27    6   17	  2.76065200e-01  -5.00000000e-01   1.66638300e-01 	5    7 0
  19    3   18	  9.33845500e-02  -5.00000000e-01   2.95606000e-01 	5    7 0
  21    0   19	  2.04323400e-02  -5.00000000e-01   1.95983200e-02 	5    7 0
  -1    6   20	  2.55241600e-01  -1.51487100e-01   1.09270900e-01 	6    4 0
  33    6   21	  2.71362100e-01  -2.02865500e-01  -3.22966100e-02 	6    4 0
  34    2   22	  2.47819200e-01   2.21303600e-01   2.99998100e-01 	4    3 0
  -1    6   23	  3.33632200e-01  -9.15155000e-02   3.53339200e-01 	4    3 0
  40    7   24	  2.11792400e-01  -2.88856000e-01   2.69087300e-01 	4    3 0
  42    2   25	  7.77946600e-02  -7.51893500e-02   2.81700000e-01 	4    3 0
  44    6   26	 -7.08885300e-02  -2.96143400e-01   1.74280200e-01 	4    3 0
  46    4   27	  6.06290400e-03  -1.25652100e-01   4.55613100e-02 	4    3 0

1
   2  1 1 1 

9
0 0 0 0 0 0 0 0 0 

     0	    4     0    11     5 	4    2 1	2 4 0 0 5 6 0 0 
     1	    1     5    20    11 	4    2 1	4 0 0 0 6 0 0 0 
     2	    5     4    20    11 	4    2 1	4 0 0 0 6 0 0 0 
     3	    1    20    21    11 	4    2 1	4 0 0 0 6 0 0 0 
     4	    4    21    20    11 	4    2 1	4 0 0 0 6 0 0 0 
     5	    6     2     9    10 	4    3 0	3 7 5 0 5 5 5 0 
     6	   15     0     7     8 	4    3 0	0 0 3 5 0 0 5 5 
     7	   23     9     8    14 	4    3 0	0 0 5 0 0 0 5 0 
     8	    0     4     9    23 	4    3 0	3 0 0 0 5 0 0 0 
     9	   24     4     9     6 	4    3 0	0 0 3 0 0 0 5 0 
    10	    0    15     7    22 	4    3 0	0 0 0 0 0 0 0 0 
    11	   10    13    14    24 	4    3 0	5 0 0 0 5 0 0 0 
    12	   24    14     9    23 	4    3 0	0 0 0 0 0 0 0 0 
    13	   23    15     8     0 	4    3 0	0 0 0 0 0 0 0 0 
    14	    7    15    12    22 	4    3 0	5 0 0 0 5 0 0 0 
    15	   14    13    16    25 	4    3 0	5 0 0 0 5 0 0 0 
    16	   15    14    16    25 	4    3 0	5 0 0 0 5 0 0 0 
    17	   12    15    16    22 	4    3 0	5 0 0 0 5 0 0 0 
    18	   10     6    17    24 	4    3 0	7 0 0 0 5 0 0 0 
    19	   18    10    17    24 	4    3 0	7 0 0 0 5 0 0 0 
    20	   18    17    19    24 	4    3 0	7 0 0 0 5 0 0 0 
    21	    0     5     4    23 	4    3 0	4 0 0 0 6 0 0 0 
    22	    5     1    20    25 	4    3 0	4 0 0 0 6 0 0 0 
    23	    4     5    24    23 	4    3 0	0 0 0 0 0 0 0 0 
    24	   20     1    21    27 	4    3 0	4 0 0 0 6 0 0 0 
    25	    6    24     4    21 	4    3 0	0 0 0 0 0 0 0 0 
    26	    6    10     9    24 	4    3 0	0 0 0 0 0 0 0 0 
    27	   24     6    17    21 	4    3 0	0 0 0 0 0 0 0 0 
    28	   23     8     9     0 	4    3 0	0 0 3 0 0 0 5 0 
    29	    4    24     9    23 	4    3 0	0 0 0 0 0 0 0 0 
    30	   10    18    13    24 	4    3 0	0 0 0 0 0 0 0 0 
    31	   14    24     9    10 	4    3 0	0 0 0 5 0 0 0 5 
    32	   15    23     8    14 	4    3 0	0 0 0 5 0 0 0 5 
    33	   24    14    25    13 	4    3 0	0 0 0 0 0 0 0 0 
    34	   15    25    16    22 	4    3 0	0 0 0 0 0 0 0 0 
    35	   14    25    15    23 	4    3 0	0 0 0 0 0 0 0 0 
    36	   17    21    19    24 	4    3 0	0 0 0 0 0 0 0 0 
    37	   22    23     0    15 	4    3 0	0 0 0 0 0 0 0 0 
    38	   22     0    23     5 	4    3 0	0 0 0 0 0 0 0 0 
    39	   20    25     1    27 	4    3 0	0 0 0 0 0 0 0 0 
    40	    5    24    25    20 	4    3 0	0 0 0 0 0 0 0 0 
    41	    5     4    24    20 	4    3 0	0 4 0 0 0 6 0 0 
    42	   24    27    19    26 	4    3 0	0 0 0 0 0 0 0 0 
    43	   21    24     4    20 	4    3 0	0 0 0 4 0 0 0 6 
    44	   14    24    25    23 	4    3 0	0 0 0 0 0 0 0 0 
    45	   25    22    23     5 	4    3 0	0 0 0 0 0 0 0 0 
    46	   22    25    23    15 	4    3 0	0 0 0 0 0 0 0 0 
    47	    3    26    27    25 	4    3 0	0 0 0 0 0 0 0 0 
    48	   25    27    24    26 	4    3 0	0 0 0 0 0 0 0 0 
    49	    5    25    24    23 	4    3 0	0 0 0 0 0 0 0 0 
    50	   27    24    21    20 	4    3 0	0 0 0 0 0 0 0 0 
    51	   27    24    19    21 	4    3 0	0 0 0 0 0 0 0 0 
    52	   27    25    24    20 	4    3 0	0 0 0 0 0 0 0 0 

     0 0 0 0 0
     1 0 0 0 0
     2 0 0 0 0
     3 0 0 0 0
     4 0 0 0 0
     5 1 1 0 0
     6 1 1 0 0
     7 1 1 0 0
     8 1 1 0 0
     9 1 1 0 0
    10 1 1 0 0
    11 1 1 0 0
    12 1 1 0 0
    13 1 1 0 0
    14 1 1 0 0
    15 1 1 0 0
    16 1 1 0 0
    17 1 1 0 0
    18 1 1 0 0
    19 1 1 0 0
    20 1 1 0 0
    21 1 1 0 0
    22 1 1 0 0
    23 1 1 0 0
    24 1 1 0 0
    25 1 1 0 0
    26 1 1 0 0
    27 1 1 0 0
    28 1 1 0 0
    29 1 1 0 0
    30 1 1 0 0
    31 1 1 0 0
    32 1 1 0 0
    33 1 1 0 0
    34 1 1 0 0
    35 1 1 0 0
    36 1 1 0 0
    37 1 1 0 0
    38 1 1 0 0
    39 1 1 0 0
    40 1 1 0 0
    41 1 1 0 0
    42 1 1 0 0
    43 1 1 0 0
    44 1 1 0 0
    45 1 1 0 0
    46 1 1 0 0
    47 1 1 0 0
    48 1 1 0 0
    49 1 1 0 0
    50 1 1 0 0
    51 1 1 0 0
    52 1 1 0 0


  1.50000000e+04   3.00000000e+03   0.00000000e+00   6.00000000e+03   0.00000000e+00   0.00000000e+00   2.50000000e-01   0.00000000e+00   0.00000000e+00   1.00000000e+00   1.00000000e+00   1.00000000e+00   1.00000000e+07 	2 3 
  1.50000000e+03   3.00000000e+02   0.00000000e+00   6.00000000e+02   0.00000000e+00   0.00000000e+00   2.50000000e-01   0.00000000e+00   0.00000000e+00   1.00000000e+00   1.00000000e+00   1.00000000e+00   1.00000000e+07 	2 3 

1 
1 0 0 	0 1 0 	0 0 1 

0 0.5 0.5

0

0

0
