30 3 53

10000 1e-05 1e-15

2 1 1

4 4 4 4 4 4 4 4 4 4 4 4 4 4 4 4 4 4 4 4 4 4 4 4 4 4 4 4 4 4 4 4 4 4 4 4 4 4 4 4 4 4 4 4 4 4 4 4 4 4 4 4 4 

   1    1    0	  5.00000000e-01   6.12303200e-19  -2.99833300e-01 	1    8 0
   2    4    1	  1.90000000e-01  -1.83690900e-17   0.00000000e+00 	1    9 0
  -1    4    2	  5.00000000e-01  -5.00000000e-01  -5.00000000e-01 	1   13 0
   5    5    3	  5.00000000e-01  -2.59247900e-01   1.50633700e-01 	2   12 0
  53    4    4	  5.00000000e-01  -2.59247900e-01  -1.50633700e-01 	2   12 0
   8    0    5	  2.81433500e-01  -1.27705900e-17  -2.15638600e-01 	2   15 0
  10    6    6	  5.00000000e-01  -5.00000000e-01   2.50000000e-01 	2   17 0
   9    2    7	  5.00000000e-01  -5.00000000e-01   1.11022300e-16 	2   17 0
  52    0    8	  5.00000000e-01  -5.00000000e-01  -2.50000000e-01 	2   17 0
  11    0    9	  5.00000000e-01   0.00000000e+00  -5.00000000e-01 	2   21 0
  51    4   10	  5.00000000e-01  -2.50000000e-01  -5.00000000e-01 	2   21 0
  14    6   11	  2.50000000e-01  -5.00000000e-01  -5.00000000e-01 	2   27 0
  13    2   12	  1.11022300e-16  -5.00000000e-01  -5.00000000e-01 	2   27 0
  15    5   13	 -2.50000000e-01  -5.00000000e-01  -5.00000000e-01 	2   27 0
  16    7   14	  5.00000000e-01   0.00000000e+00   2.77555800e-17 	5    2 0
  27    6   15	  2.76065200e-01  -5.00000000e-01   1.66638300e-01 	5    7 0
  17    0   16	  2.92574600e-01  -5.00000000e-01  -6.53746500e-02 	5    7 0
  18    1   17	  1.66408600e-01  -5.00000000e-01  -2.62256600e-01 	5    7 0
  28    4   18	 -6.44934300e-02  -5.00000000e-01  -2.77136600e-01 	5    7 0
  21    0   19	  2.04323400e-02  -5.00000000e-01   1.95983200e-02 	5    7 0
  29    4   20	 -1.67041900e-01  -2.75192800e-01  -5.00000000e-01 	5    8 0
  25    6   21	  6.48099900e-02  -2.91616400e-01  -5.00000000e-01 	5    8 0
  57    4   22	  2.61788300e-01  -1.65513900e-01  -5.00000000e-01 	5    8 0
  30    0   23	  2.76624900e-01   6.57257900e-02  -5.00000000e-01 	5    8 0
  26    7   24	 -2.07327800e-02  -1.83814500e-02  -5.00000000e-01 	5    8 0
  33    6   25	  2.71362100e-01  -2.02865500e-01  -3.22966100e-02 	6    4 0
  -1    4   26	  2.59814000e-01  -2.39790900e-01  -3.12057900e-01 	4    3 0
  43    5   27	  9.19150300e-03  -3.32242400e-01  -3.19078400e-01 	4    3 0
  46    4   28	  6.06290400e-03  -1.25652100e-01   4.55613100e-02 	4    3 0
  50    1   29	  2.63036100e-02  -1.03016600e-01  -1.66994500e-01 	4    3 0

1
   2  1 1 1 

9
0 0 0 0 0 0 0 0 0 

     0	    4     3    14    25 	4    2 1	2 4 0 0 5 6 0 0 
     1	    0     4    14     5 	4    2 1	2 4 0 0 5 6 0 0 
     2	    5     1    25    14 	4    2 1	4 0 0 0 6 0 0 0 
     3	    5    25     4    14 	4    2 1	4 0 0 0 6 0 0 0 
     4	    6     7    25     3 	4    3 0	0 3 0 0 0 5 0 0 
     5	    8     7     4    16 	4    3 0	3 7 0 0 5 5 0 0 
     6	    2     8    10    11 	4    3 0	3 7 0 8 5 5 0 5 
     7	   26    10     9     0 	4    3 0	0 0 3 0 0 0 5 0 
     8	    4     0    10    26 	4    3 0	3 0 0 0 5 0 0 0 
     9	    3     4     7    25 	4    3 0	3 4 0 0 5 6 0 0 
    10	    8     4    10    26 	4    3 0	3 0 0 0 5 0 0 0 
    11	   27    12    11    17 	4    3 0	0 0 7 0 0 0 5 0 
    12	   12    13    18    20 	4    3 0	7 8 0 0 5 5 0 0 
    13	   25     7    15    16 	4    3 0	0 0 7 0 0 0 5 0 
    14	   26     8    16    17 	4    3 0	0 0 7 0 0 0 5 0 
    15	    8    11    17    26 	4    3 0	7 0 0 0 5 0 0 0 
    16	   17    12    18    27 	4    3 0	7 0 0 0 5 0 0 0 
    17	   15    16    19    25 	4    3 0	7 0 0 0 5 0 0 0 
    18	   19    26    16    17 	4    3 0	0 0 0 7 0 0 0 5 
    19	   17    18    19    27 	4    3 0	7 0 0 0 5 0 0 0 
    20	   20    12    21    27 	4    3 0	8 0 0 0 5 0 0 0 
    21	   21    11    22    26 	4    3 0	8 0 0 0 5 0 0 0 
    22	   11    10    22    26 	4    3 0	8 0 0 0 5 0 0 0 
    23	   26    23     9    22 	4    3 0	0 0 8 0 0 0 5 0 
    24	   20    21    24    27 	4    3 0	8 0 0 0 5 0 0 0 
    25	   26    21    24    22 	4    3 0	0 0 8 0 0 0 5 0 
    26	   22    23    24    26 	4    3 0	8 0 0 0 5 0 0 0 
    27	    1     5    25    29 	4    3 0	4 0 0 0 6 0 0 0 
    28	    5     0     4    26 	4    3 0	4 0 0 0 6 0 0 0 
    29	   25     5     4    26 	4    3 0	4 0 0 0 6 0 0 0 
    30	    4    16     7    25 	4    3 0	0 0 0 0 0 0 0 0 
    31	   10    11     8    26 	4    3 0	0 0 0 0 0 0 0 0 
    32	   26     9    10    22 	4    3 0	0 0 8 0 0 0 5 0 
    33	   12    27    11    21 	4    3 0	0 0 0 8 0 0 0 5 
    34	   12    20    18    27 	4    3 0	0 0 0 0 0 0 0 0 
    35	    6    25     7    15 	4    3 0	0 0 0 7 0 0 0 5 
    36	    8    26    16     4 	4    3 0	0 0 0 0 0 0 0 0 
    37	   17    26    11    27 	4    3 0	0 0 0 0 0 0 0 0 
    38	   26    19    25    29 	4    3 0	0 0 0 0 0 0 0 0 
    39	   19    26    25    16 	4    3 0	0 0 0 0 0 0 0 0 
    40	   27    19    26    29 	4    3 0	0 0 0 0 0 0 0 0 
    41	   11    26    21    27 	4    3 0	0 0 0 0 0 0 0 0 
    42	   23    26     9     0 	4    3 0	0 0 0 0 0 0 0 0 
    43	   21    26    24    27 	4    3 0	0 0 0 0 0 0 0 0 
    44	   24    26    23     5 	4    3 0	0 0 0 0 0 0 0 0 
    45	   25    29     5    26 	4    3 0	0 0 0 0 0 0 0 0 
    46	    1    29    25    28 	4    3 0	0 0 0 0 0 0 0 0 
    47	    0    26     5    23 	4    3 0	0 0 0 0 0 0 0 0 
    48	   25    26     4    16 	4    3 0	0 0 0 0 0 0 0 0 
    49	   19    27    26    17 	4    3 0	0 0 0 0 0 0 0 0 
    50	   27    26    24    29 	4    3 0	0 0 0 0 0 0 0 0 
    51	   24     5    29    26 	4    3 0	0 0 0 0 0 0 0 0 
    52	   19    29    28    25 	4    3 0	0 0 0 0 0 0 0 0 

     0 0 0 0 0
     1 0 0 0 0
     2 0 0 0 0
     3 0 0 0 0
     4 1 1 0 0
     5 1 1 0 0
     6 1 1 0 0
     7 1 1 0 0
     8 1 1 0 0
     9 1 1 0 0
    10 1 1 0 0
    11 1 1 0 0
    12 1 1 0 0
    13 1 1 0 0
    14 1 1 0 0
    15 1 1 0 0
    16 1 1 0 0
    17 1 1 0 0
    18 1 1 0 0
    19 1 1 0 0
    20 1 1 0 0
    21 1 1 0 0
    22 1 1 0 0
    23 1 1 0 0
    24 1 1 0 0
    25 1 1 0 0
    26 1 1 0 0
    27 1 1 0 0
    28 1 1 0 0
    29 1 1 0 0
    30 1 1 0 0
    31 1 1 0 0
    32 1 1 0 0
    33 1 1 0 0
    34 1 1 0 0
    35 1 1 0 0
    36 1 1 0 0
    37 1 1 0 0
    38 1 1 0 0
    39 1 1 0 0
    40 1 1 0 0
    41 1 1 0 0
    42 1 1 0 0
    43 1 1 0 0
    44 1 1 0 0
    45 1 1 0 0
    46 1 1 0 0
    47 1 1 0 0
    48 1 1 0 0
    49 1 1 0 0
    50 1 1 0 0
    51 1 1 0 0
    52 1 1 0 0


  1.50000000e+04   3.00000000e+03   0.00000000e+00   6.00000000e+03   0.00000000e+00   0.00000000e+00   2.50000000e-01   0.00000000e+00   0.00000000e+00   1.00000000e+00   1.00000000e+00   1.00000000e+00   1.00000000e+07 	2 3 
  1.50000000e+03   3.00000000e+02   0.00000000e+00   6.00000000e+02   0.00000000e+00   0.00000000e+00   2.50000000e-01   0.00000000e+00   0.00000000e+00   1.00000000e+00   1.00000000e+00   1.00000000e+00   1.00000000e+07 	2 3 

1 
1 0 0 	0 1 0 	0 0 1 

0 0.5 0.5

0

0

0
