29 3 54

10000 1e-05 1e-15

2 1 1

4 4 4 4 4 4 4 4 4 4 4 4 4 4 4 4 4 4 4 4 4 4 4 4 4 4 4 4 4 4 4 4 4 4 4 4 4 4 4 4 4 4 4 4 4 4 4 4 4 4 4 4 4 4 

   0    3    0	 -5.00000000e-01   6.12303200e-19   2.99833300e-01 	1    5 0
   1    1    1	 -5.00000000e-01   6.12303200e-19  -2.99833300e-01 	1    6 0
  -1    3    2	 -5.00000000e-01   5.00000000e-01   5.00000000e-01 	1   14 0
   3    3    3	 -2.48960400e-01   1.59835400e-17   1.47845700e-01 	2    9 0
   4    3    4	 -2.48960400e-01   1.59835400e-17  -1.47845700e-01 	2    9 0
  54    2    5	 -5.00000000e-01   2.59247900e-01   1.50633700e-01 	2   11 0
   6    3    6	 -5.00000000e-01   2.59247900e-01  -1.50633700e-01 	2   11 0
  10    6    7	 -5.00000000e-01   5.00000000e-01   2.50000000e-01 	2   18 0
   9    2    8	 -5.00000000e-01   5.00000000e-01   1.11022300e-16 	2   18 0
  12    2    9	 -5.00000000e-01   2.50000000e-01   5.00000000e-01 	2   22 0
  13    2   10	  1.11022300e-16   5.00000000e-01   5.00000000e-01 	2   24 0
  15    5   11	 -2.50000000e-01   5.00000000e-01   5.00000000e-01 	2   24 0
  16    7   12	 -5.00000000e-01   1.02050500e-19   0.00000000e+00 	5    1 0
  56    3   13	 -7.95161700e-02   5.00000000e-01   2.93679800e-01 	5    4 0
  19    3   14	  9.33845500e-02   5.00000000e-01   2.95606000e-01 	5    4 0
  20    1   15	 -2.61397700e-01   5.00000000e-01   1.53194900e-01 	5    4 0
  21    0   16	  2.04323400e-02   5.00000000e-01   1.95983200e-02 	5    4 0
  22    7   17	 -2.94180800e-01   8.03608200e-02   5.00000000e-01 	5    5 0
  24    2   18	 -1.53796600e-01   2.62503800e-01   5.00000000e-01 	5    5 0
  26    7   19	 -2.07327800e-02  -1.83814500e-02   5.00000000e-01 	5    5 0
  -1    3   20	 -2.93229000e-01   2.07389300e-01  -3.21837200e-10 	6    2 0
  -1    3   21	 -2.71381700e-01   2.68277400e-01   2.96691200e-01 	4    3 0
  36    2   22	  6.39035500e-04   2.40115700e-01   3.24629600e-01 	4    3 0
  37    0   23	  9.00759500e-02   2.86875600e-01  -7.35445600e-02 	4    3 0
  38    3   24	 -1.29761000e-01   3.14331000e-01  -1.09533100e-01 	4    3 0
  39    3   25	 -8.00844800e-02   2.81500800e-01   1.35407700e-01 	4    3 0
  41    7   26	 -1.59908300e-01   6.46278300e-02   3.29018700e-01 	4    3 0
  45    3   27	 -1.51850700e-01   1.53657600e-01  -2.42548100e-01 	4    3 0
  47    2   28	 -6.06080500e-02   1.03781000e-01  -3.66721300e-02 	4    3 0

1
   2  1 1 1 

9
0 0 0 0 0 0 0 0 0 

     0	    1     6    12     4 	4    1 1	1 2 0 0 5 6 0 0 
     1	    6     5    12    20 	4    1 1	1 2 0 0 5 6 0 0 
     2	    5     0    12     3 	4    1 1	1 2 0 0 5 6 0 0 
     3	    4     3    20    12 	4    1 1	2 0 0 0 6 0 0 0 
     4	    3     5    20    12 	4    1 1	2 0 0 0 6 0 0 0 
     5	    4    20     6    12 	4    1 1	2 0 0 0 6 0 0 0 
     6	   11     2     7     9 	4    3 0	4 5 6 0 5 5 5 0 
     7	   10    11    13    18 	4    3 0	4 5 0 0 5 5 0 0 
     8	    7     8    15     5 	4    3 0	4 6 0 0 5 5 0 0 
     9	   11     7    15    21 	4    3 0	4 0 0 0 5 0 0 0 
    10	   13    11    15    21 	4    3 0	4 0 0 0 5 0 0 0 
    11	   10    13    14    22 	4    3 0	4 0 0 0 5 0 0 0 
    12	   13    15    16    25 	4    3 0	4 0 0 0 5 0 0 0 
    13	   14    13    16    25 	4    3 0	4 0 0 0 5 0 0 0 
    14	    9    11    18    21 	4    3 0	5 0 0 0 5 0 0 0 
    15	   17     9    18    21 	4    3 0	5 0 0 0 5 0 0 0 
    16	   17    18    19    26 	4    3 0	5 0 0 0 5 0 0 0 
    17	    0     5     9    21 	4    3 0	6 0 0 0 5 0 0 0 
    18	   15     6     5     8 	4    3 0	0 0 6 0 0 0 5 0 
    19	    9     5     7    21 	4    3 0	6 0 0 0 5 0 0 0 
    20	    0     3     5    21 	4    3 0	2 0 0 0 6 0 0 0 
    21	    3     4    20    28 	4    3 0	2 0 0 0 6 0 0 0 
    22	    5     3    20    21 	4    3 0	2 0 0 0 6 0 0 0 
    23	   20     4     6    27 	4    3 0	2 0 0 0 6 0 0 0 
    24	   11     9     7    21 	4    3 0	0 0 0 0 0 0 0 0 
    25	   13    18    11    21 	4    3 0	0 0 0 0 0 0 0 0 
    26	   10    18    13    22 	4    3 0	0 0 0 0 0 0 0 0 
    27	    6    15     5    20 	4    3 0	0 0 0 2 0 0 0 6 
    28	    7     5    15    21 	4    3 0	0 0 0 0 0 0 0 0 
    29	   13    21    15    25 	4    3 0	0 0 0 0 0 0 0 0 
    30	   14    22    13    25 	4    3 0	0 0 0 0 0 0 0 0 
    31	   16    25    15    24 	4    3 0	0 0 0 0 0 0 0 0 
    32	   17     0     9    21 	4    3 0	0 0 0 0 0 0 0 0 
    33	   17    21    18    26 	4    3 0	0 0 0 0 0 0 0 0 
    34	   19    26    18    22 	4    3 0	0 0 0 0 0 0 0 0 
    35	    3    21     0    26 	4    3 0	0 0 0 0 0 0 0 0 
    36	   27    20    28    24 	4    3 0	0 0 0 0 0 0 0 0 
    37	    3    28    20    25 	4    3 0	0 0 0 0 0 0 0 0 
    38	   25     3    21    20 	4    3 0	0 0 0 0 0 0 0 0 
    39	    5    21    20    15 	4    3 0	0 0 0 0 0 0 0 0 
    40	   18    21    13    22 	4    3 0	0 0 0 0 0 0 0 0 
    41	   24     6    20    15 	4    3 0	0 0 0 0 0 0 0 0 
    42	   15    25    21    20 	4    3 0	0 0 0 0 0 0 0 0 
    43	   21    25    13    22 	4    3 0	0 0 0 0 0 0 0 0 
    44	   20    24    15    25 	4    3 0	0 0 0 0 0 0 0 0 
    45	   16    24    23    25 	4    3 0	0 0 0 0 0 0 0 0 
    46	    0    21    17    26 	4    3 0	0 0 0 0 0 0 0 0 
    47	   18    26    21    22 	4    3 0	0 0 0 0 0 0 0 0 
    48	   20    27    28     4 	4    3 0	0 0 0 0 0 0 0 0 
    49	   28    24    20    25 	4    3 0	0 0 0 0 0 0 0 0 
    50	    3    25    21    26 	4    3 0	0 0 0 0 0 0 0 0 
    51	    6    27    24    20 	4    3 0	0 0 0 0 0 0 0 0 
    52	   25    22    21    26 	4    3 0	0 0 0 0 0 0 0 0 
    53	   23    25    24    28 	4    3 0	0 0 0 0 0 0 0 0 

     0 0 0 0 0
     1 0 0 0 0
     2 0 0 0 0
     3 0 0 0 0
     4 0 0 0 0
     5 0 0 0 0
     6 1 1 0 0
     7 1 1 0 0
     8 1 1 0 0
     9 1 1 0 0
    10 1 1 0 0
    11 1 1 0 0
    12 1 1 0 0
    13 1 1 0 0
    14 1 1 0 0
    15 1 1 0 0
    16 1 1 0 0
    17 1 1 0 0
    18 1 1 0 0
    19 1 1 0 0
    20 1 1 0 0
    21 1 1 0 0
    22 1 1 0 0
    23 1 1 0 0
    24 1 1 0 0
    25 1 1 0 0
    26 1 1 0 0
    27 1 1 0 0
    28 1 1 0 0
    29 1 1 0 0
    30 1 1 0 0
    31 1 1 0 0
    32 1 1 0 0
    33 1 1 0 0
    34 1 1 0 0
    35 1 1 0 0
    36 1 1 0 0
    37 1 1 0 0
    38 1 1 0 0
    39 1 1 0 0
    40 1 1 0 0
    41 1 1 0 0
    42 1 1 0 0
    43 1 1 0 0
    44 1 1 0 0
    45 1 1 0 0
    46 1 1 0 0
    47 1 1 0 0
    48 1 1 0 0
    49 1 1 0 0
    50 1 1 0 0
    51 1 1 0 0
    52 1 1 0 0
    53 1 1 0 0


  1.50000000e+04   3.00000000e+03   0.00000000e+00   6.00000000e+03   0.00000000e+00   0.00000000e+00   2.50000000e-01   0.00000000e+00   0.00000000e+00   1.00000000e+00   1.00000000e+00   1.00000000e+00   1.00000000e+07 	2 3 
  1.50000000e+03   3.00000000e+02   0.00000000e+00   6.00000000e+02   0.00000000e+00   0.00000000e+00   2.50000000e-01   0.00000000e+00   0.00000000e+00   1.00000000e+00   1.00000000e+00   1.00000000e+00   1.00000000e+07 	2 3 

1 
1 0 0 	0 1 0 	0 0 1 

0 0.5 0.5

0

0

0
