42 3 12

300 1e-06 1e-15

1 1 1

10 10 10 10 10 10 10 10 10 10 10 10 

  -1    0    0	  0.00000000e+00   0.00000000e+00   0.00000000e+00 	1    1 0
   0    0    1	  1.00000000e+00   0.00000000e+00   0.00000000e+00 	1    2 0
  -1    0    2	  1.00000000e+00   1.00000000e+00   0.00000000e+00 	1    3 0
   1    1    3	  0.00000000e+00   1.00000000e+00   0.00000000e+00 	1    4 0
   2    0    4	  0.00000000e+00   0.00000000e+00   1.00000000e+00 	1    5 0
   3    1    5	  1.00000000e+00   1.00000000e+00   1.00000000e+00 	1    7 0
  -1    0    6	  5.00000000e-01   5.00000000e-01   0.00000000e+00 	5    1 0
   4    0    7	  0.00000000e+00   5.00000000e-01   5.00000000e-01 	5    3 0
   5    1    8	  1.00000000e+00   5.00000000e-01   5.00000000e-01 	5    4 0
   6    0    9	  5.00000000e-01   0.00000000e+00   5.00000000e-01 	5    5 0
   7    1   10	  5.00000000e-01   1.00000000e+00   5.00000000e-01 	5    6 0
  -1    0   11	  5.00000000e-01   0.00000000e+00   0.00000000e+00 	2    1 0
  -1    0   12	  1.00000000e+00   5.00000000e-01   0.00000000e+00 	2    2 0
  -1    0   13	  5.00000000e-01   1.00000000e+00   0.00000000e+00 	2    3 0
  -1    0   14	  0.00000000e+00   5.00000000e-01   0.00000000e+00 	2    4 0
  -1    0   15	  0.00000000e+00   0.00000000e+00   5.00000000e-01 	2    9 0
  -1    0   16	  1.00000000e+00   1.00000000e+00   5.00000000e-01 	2   11 0
  -1    0   17	  2.50000000e-01   2.50000000e-01   0.00000000e+00 	5    1 0
  -1    0   18	  7.50000000e-01   2.50000000e-01   0.00000000e+00 	5    1 0
  -1    0   19	  7.50000000e-01   7.50000000e-01   0.00000000e+00 	5    1 0
  -1    0   20	  2.50000000e-01   7.50000000e-01   0.00000000e+00 	5    1 0
   8    0   21	  0.00000000e+00   7.50000000e-01   2.50000000e-01 	5    3 0
   9    1   22	  0.00000000e+00   2.50000000e-01   7.50000000e-01 	5    3 0
  -1    0   23	  0.00000000e+00   2.50000000e-01   2.50000000e-01 	5    3 0
  -1    0   24	  1.00000000e+00   7.50000000e-01   2.50000000e-01 	5    4 0
  10    0   25	  1.00000000e+00   7.50000000e-01   7.50000000e-01 	5    4 0
  11    1   26	  1.00000000e+00   2.50000000e-01   2.50000000e-01 	5    4 0
  -1    0   27	  2.50000000e-01   0.00000000e+00   2.50000000e-01 	5    5 0
  12    0   28	  2.50000000e-01   0.00000000e+00   7.50000000e-01 	5    5 0
  13    1   29	  7.50000000e-01   0.00000000e+00   2.50000000e-01 	5    5 0
  14    0   30	  2.50000000e-01   1.00000000e+00   2.50000000e-01 	5    6 0
  -1    0   31	  7.50000000e-01   1.00000000e+00   2.50000000e-01 	5    6 0
  15    1   32	  7.50000000e-01   1.00000000e+00   7.50000000e-01 	5    6 0
  -1    0   33	  5.00000000e-01   2.50000000e-01   2.50000000e-01 	4    1 0
  -1    0   34	  7.50000000e-01   5.00000000e-01   2.50000000e-01 	4    1 0
  -1    0   35	  5.00000000e-01   7.50000000e-01   2.50000000e-01 	4    1 0
  -1    0   36	  2.50000000e-01   5.00000000e-01   2.50000000e-01 	4    1 0
  16    0   37	  2.50000000e-01   7.50000000e-01   5.00000000e-01 	4    1 0
  17    1   38	  2.50000000e-01   2.50000000e-01   5.00000000e-01 	4    1 0
  18    0   39	  7.50000000e-01   7.50000000e-01   5.00000000e-01 	4    1 0
  19    1   40	  7.50000000e-01   2.50000000e-01   5.00000000e-01 	4    1 0
  20    0   41	  5.00000000e-01   5.00000000e-01   5.00000000e-01 	4    1 0

42
   0  1 1 1 
   1  1 1 1 
   2  -1 1 1 
   3  -1 1 1 
   4  1 1 1 
   5  -1 1 1 
   6  0 1 1 
   7  0 1 1 
   8  0 1 1 
   9  1 1 1 
  10  -1 1 1 
  11  1 1 1 
  12  0 1 1 
  13  -1 1 1 
  14  0 1 1 
  15  1 1 1 
  16  -1 1 1 
  17  0 1 1 
  18  0 1 1 
  19  0 1 1 
  20  0 1 1 
  21  0 1 1 
  22  0 1 1 
  23  0 1 1 
  24  0 1 1 
  25  0 1 1 
  26  0 1 1 
  27  1 1 1 
  28  1 1 1 
  29  1 1 1 
  30  -1 1 1 
  31  -1 1 1 
  32  -1 1 1 
  33  0 1 1 
  34  0 1 1 
  35  0 1 1 
  36  0 1 1 
  37  0 1 1 
  38  0 1 1 
  39  0 1 1 
  40  0 1 1 
  41  0 1 1 

1
0.1 

     0	    0     1     6     9    11    18    17    27    29    33 	4    1 0	1 5 0 0 5 5 0 0 
     1	    1     2     6     8    12    19    18    26    24    34 	4    1 0	1 4 0 0 5 5 0 0 
     2	    2     3     6    10    13    20    19    31    30    35 	4    1 0	1 6 0 0 5 5 0 0 
     3	    3     0     6     7    14    17    20    21    23    36 	4    1 0	1 3 0 0 5 5 0 0 
     4	    4     0     7     9    15    23    22    28    27    38 	4    1 0	3 5 0 0 5 5 0 0 
     5	    5     2     8    10    16    24    25    32    31    39 	4    1 0	4 6 0 0 5 5 0 0 
     6	    6     9     1     8    33    29    18    34    40    26 	4    1 0	0 0 0 0 0 0 0 0 
     7	    0     9     6     7    27    33    17    23    38    36 	4    1 0	0 0 0 0 0 0 0 0 
     8	    6     8     2    10    34    24    19    35    39    31 	4    1 0	0 0 0 0 0 0 0 0 
     9	    6    10     3     7    35    30    20    36    37    21 	4    1 0	0 0 0 0 0 0 0 0 
    10	    9     8     6    10    40    34    33    41    39    35 	4    1 0	0 0 0 0 0 0 0 0 
    11	    6     7     9    10    36    38    33    35    37    41 	4    1 0	0 0 0 0 0 0 0 0 

     0 0 0 0 0
     1 0 0 0 0
     2 0 0 0 0
     3 0 0 0 0
     4 0 0 0 0
     5 0 0 0 0
     6 0 0 0 0
     7 0 0 0 0
     8 0 0 0 0
     9 0 0 0 0
    10 0 0 0 0
    11 0 0 0 0


  3.00000000e+00   3.00000000e+00   3.00000000e+00   1.20000000e+00   1.20000000e+00   1.20000000e+00   2.50000000e-01   2.50000000e-01   2.50000000e-01   1.00000000e+00   1.00000000e+00   1.00000000e+00   1.70000000e+03 	2 99 

1 
1 0 0 	0 1 0 	0 0 1 

0 0.5 0.5

0

0

0
