42 3 12

300 1e-06 1e-15

1 1 1

10 10 10 10 10 10 10 10 10 10 10 10 

   0    0    0	  1.00000000e+00   0.00000000e+00   0.00000000e+00 	1    2 0
   1    1    1	  0.00000000e+00   1.00000000e+00   0.00000000e+00 	1    4 0
   2    0    2	  0.00000000e+00   0.00000000e+00   1.00000000e+00 	1    5 0
  -1    1    3	  1.00000000e+00   0.00000000e+00   1.00000000e+00 	1    6 0
   3    1    4	  1.00000000e+00   1.00000000e+00   1.00000000e+00 	1    7 0
  -1    1    5	  0.00000000e+00   1.00000000e+00   1.00000000e+00 	1    8 0
  -1    1    6	  5.00000000e-01   5.00000000e-01   1.00000000e+00 	5    2 0
   4    0    7	  0.00000000e+00   5.00000000e-01   5.00000000e-01 	5    3 0
   5    1    8	  1.00000000e+00   5.00000000e-01   5.00000000e-01 	5    4 0
   6    0    9	  5.00000000e-01   0.00000000e+00   5.00000000e-01 	5    5 0
   7    1   10	  5.00000000e-01   1.00000000e+00   5.00000000e-01 	5    6 0
  -1    1   11	  5.00000000e-01   0.00000000e+00   1.00000000e+00 	2    5 0
  -1    1   12	  1.00000000e+00   5.00000000e-01   1.00000000e+00 	2    6 0
  -1    1   13	  5.00000000e-01   1.00000000e+00   1.00000000e+00 	2    7 0
  -1    1   14	  0.00000000e+00   5.00000000e-01   1.00000000e+00 	2    8 0
  -1    1   15	  1.00000000e+00   0.00000000e+00   5.00000000e-01 	2   10 0
  -1    1   16	  0.00000000e+00   1.00000000e+00   5.00000000e-01 	2   12 0
  -1    1   17	  2.50000000e-01   2.50000000e-01   1.00000000e+00 	5    2 0
  -1    1   18	  7.50000000e-01   2.50000000e-01   1.00000000e+00 	5    2 0
  -1    1   19	  7.50000000e-01   7.50000000e-01   1.00000000e+00 	5    2 0
  -1    1   20	  2.50000000e-01   7.50000000e-01   1.00000000e+00 	5    2 0
   8    0   21	  0.00000000e+00   7.50000000e-01   2.50000000e-01 	5    3 0
  -1    1   22	  0.00000000e+00   7.50000000e-01   7.50000000e-01 	5    3 0
   9    1   23	  0.00000000e+00   2.50000000e-01   7.50000000e-01 	5    3 0
  10    0   24	  1.00000000e+00   7.50000000e-01   7.50000000e-01 	5    4 0
  11    1   25	  1.00000000e+00   2.50000000e-01   2.50000000e-01 	5    4 0
  -1    1   26	  1.00000000e+00   2.50000000e-01   7.50000000e-01 	5    4 0
  12    0   27	  2.50000000e-01   0.00000000e+00   7.50000000e-01 	5    5 0
  -1    1   28	  7.50000000e-01   0.00000000e+00   7.50000000e-01 	5    5 0
  13    1   29	  7.50000000e-01   0.00000000e+00   2.50000000e-01 	5    5 0
  14    0   30	  2.50000000e-01   1.00000000e+00   2.50000000e-01 	5    6 0
  -1    1   31	  2.50000000e-01   1.00000000e+00   7.50000000e-01 	5    6 0
  15    1   32	  7.50000000e-01   1.00000000e+00   7.50000000e-01 	5    6 0
  -1    1   33	  5.00000000e-01   2.50000000e-01   7.50000000e-01 	4    1 0
  -1    1   34	  7.50000000e-01   5.00000000e-01   7.50000000e-01 	4    1 0
  -1    1   35	  5.00000000e-01   7.50000000e-01   7.50000000e-01 	4    1 0
  -1    1   36	  2.50000000e-01   5.00000000e-01   7.50000000e-01 	4    1 0
  16    0   37	  2.50000000e-01   7.50000000e-01   5.00000000e-01 	4    1 0
  17    1   38	  2.50000000e-01   2.50000000e-01   5.00000000e-01 	4    1 0
  18    0   39	  7.50000000e-01   7.50000000e-01   5.00000000e-01 	4    1 0
  19    1   40	  7.50000000e-01   2.50000000e-01   5.00000000e-01 	4    1 0
  20    0   41	  5.00000000e-01   5.00000000e-01   5.00000000e-01 	4    1 0

42
   0  1 1 1 
   1  -1 1 1 
   2  1 1 1 
   3  1 1 1 
   4  -1 1 1 
   5  -1 1 1 
   6  0 1 1 
   7  0 1 1 
   8  0 1 1 
   9  1 1 1 
  10  -1 1 1 
  11  1 1 1 
  12  0 1 1 
  13  -1 1 1 
  14  0 1 1 
  15  1 1 1 
  16  -1 1 1 
  17  0 1 1 
  18  0 1 1 
  19  0 1 1 
  20  0 1 1 
  21  0 1 1 
  22  0 1 1 
  23  0 1 1 
  24  0 1 1 
  25  0 1 1 
  26  0 1 1 
  27  1 1 1 
  28  1 1 1 
  29  1 1 1 
  30  -1 1 1 
  31  -1 1 1 
  32  -1 1 1 
  33  0 1 1 
  34  0 1 1 
  35  0 1 1 
  36  0 1 1 
  37  0 1 1 
  38  0 1 1 
  39  0 1 1 
  40  0 1 1 
  41  0 1 1 

1
0.1 

     0	    3     2     6     9    11    17    18    28    27    33 	4    1 0	2 5 0 0 5 5 0 0 
     1	    4     3     6     8    12    18    19    24    26    34 	4    1 0	2 4 0 0 5 5 0 0 
     2	    5     4     6    10    13    19    20    31    32    35 	4    1 0	2 6 0 0 5 5 0 0 
     3	    2     5     6     7    14    20    17    23    22    36 	4    1 0	2 3 0 0 5 5 0 0 
     4	    1     5     7    10    16    22    21    30    31    37 	4    1 0	3 6 0 0 5 5 0 0 
     5	    0     3     8     9    15    26    25    29    28    40 	4    1 0	4 5 0 0 5 5 0 0 
     6	    6     9     2     7    33    27    17    36    38    23 	4    1 0	0 0 0 0 0 0 0 0 
     7	    3     9     6     8    28    33    18    26    40    34 	4    1 0	0 0 0 0 0 0 0 0 
     8	    4     8     6    10    24    34    19    32    39    35 	4    1 0	0 0 0 0 0 0 0 0 
     9	    5    10     6     7    31    35    20    22    37    36 	4    1 0	0 0 0 0 0 0 0 0 
    10	    9     7     6    10    38    36    33    41    37    35 	4    1 0	0 0 0 0 0 0 0 0 
    11	    6     8     9    10    34    40    33    35    39    41 	4    1 0	0 0 0 0 0 0 0 0 

     0 0 0 0 0
     1 0 0 0 0
     2 0 0 0 0
     3 0 0 0 0
     4 0 0 0 0
     5 0 0 0 0
     6 0 0 0 0
     7 0 0 0 0
     8 0 0 0 0
     9 0 0 0 0
    10 0 0 0 0
    11 0 0 0 0


  3.00000000e+00   3.00000000e+00   3.00000000e+00   1.20000000e+00   1.20000000e+00   1.20000000e+00   2.50000000e-01   2.50000000e-01   2.50000000e-01   1.00000000e+00   1.00000000e+00   1.00000000e+00   1.70000000e+03 	2 99 

1 
1 0 0 	0 1 0 	0 0 1 

0 0.5 0.5

0

0

0
