67 3 167

300 1e-06 1e-15

1 1 1

4 4 4 4 4 4 4 4 4 4 4 4 4 4 4 4 4 4 4 4 4 4 4 4 4 4 4 4 4 4 4 4 4 4 4 4 4 4 4 4 4 4 4 4 4 4 4 4 4 4 4 4 4 4 4 4 4 4 4 4 4 4 4 4 4 4 4 4 4 4 4 4 4 4 4 4 4 4 4 4 4 4 4 4 4 4 4 4 4 4 4 4 4 4 4 4 4 4 4 4 4 4 4 4 4 4 4 4 4 4 4 4 4 4 4 4 4 4 4 4 4 4 4 4 4 4 4 4 4 4 4 4 4 4 4 4 4 4 4 4 4 4 4 4 4 4 4 4 4 4 4 4 4 4 4 4 4 4 4 4 4 4 4 4 4 4 4 

  -1    4    0	  0.00000000e+00   0.00000000e+00   1.00000000e+00 	1    5 0
  -1    4    1	  2.00000000e-01   0.00000000e+00   1.00000000e+00 	2    5 0
  -1    4    2	  4.00000000e-01   0.00000000e+00   1.00000000e+00 	2    5 0
   4    4    3	  6.00000000e-01   0.00000000e+00   1.00000000e+00 	2    5 0
   7    6    4	  0.00000000e+00   6.00000000e-01   1.00000000e+00 	2    8 0
  -1    4    5	  0.00000000e+00   4.00000000e-01   1.00000000e+00 	2    8 0
  -1    4    6	  0.00000000e+00   2.00000000e-01   1.00000000e+00 	2    8 0
   8    4    7	  0.00000000e+00   0.00000000e+00   6.00000000e-01 	2    9 0
  -1    4    8	  0.00000000e+00   0.00000000e+00   8.00000000e-01 	2    9 0
  -1    4    9	  1.36384300e-01   1.35776300e-01   1.00000000e+00 	5    2 0
  -1    4   10	  3.02404900e-01   1.60258300e-01   1.00000000e+00 	5    2 0
  21    4   11	  5.03869000e-01   1.71104800e-01   1.00000000e+00 	5    2 0
  24    6   12	  1.30261900e-01   4.99580000e-01   1.00000000e+00 	5    2 0
  -1    4   13	  1.79516800e-01   3.18623100e-01   1.00000000e+00 	5    2 0
  25    4   14	  3.94253900e-01   3.36163400e-01   1.00000000e+00 	5    2 0
  26    4   15	  6.21023700e-01   6.28681300e-01   1.00000000e+00 	5    2 0
  27    6   16	  3.94483000e-01   6.62140000e-01   1.00000000e+00 	5    2 0
  28    6   17	  2.91370800e-01   4.99098600e-01   1.00000000e+00 	5    2 0
  29    5   18	  4.65323600e-01   4.98883600e-01   1.00000000e+00 	5    2 0
  31    6   19	  0.00000000e+00   5.04069500e-01   8.28213200e-01 	5    3 0
  -1    4   20	  0.00000000e+00   3.02650100e-01   8.39142700e-01 	5    3 0
  -1    4   21	  0.00000000e+00   1.36577500e-01   8.63893600e-01 	5    3 0
  -1    4   22	  0.00000000e+00   1.79565300e-01   6.80613400e-01 	5    3 0
  33    4   23	  0.00000000e+00   1.30394700e-01   4.99722100e-01 	5    3 0
  35    6   24	  0.00000000e+00   6.21417100e-01   6.29151800e-01 	5    3 0
  -1    4   25	  0.00000000e+00   3.94762000e-01   6.62475100e-01 	5    3 0
  36    0   26	  0.00000000e+00   2.91665600e-01   4.99446600e-01 	5    3 0
  37    6   27	  0.00000000e+00   4.65759600e-01   4.99403100e-01 	5    3 0
  47    4   28	  1.64209700e-01   0.00000000e+00   7.06098000e-01 	5    5 0
  -1    4   29	  1.31725100e-01   0.00000000e+00   8.68919700e-01 	5    5 0
  -1    4   30	  2.94959000e-01   0.00000000e+00   8.38687800e-01 	5    5 0
  48    5   31	  4.95930500e-01   0.00000000e+00   8.28213200e-01 	5    5 0
  52    4   32	  3.78582900e-01   0.00000000e+00   6.29151800e-01 	5    5 0
  53    4   33	  6.05238000e-01   0.00000000e+00   6.62475100e-01 	5    5 0
  -1    4   34	  2.09790000e-01   8.51916700e-02   8.72279400e-01 	4    1 0
  72    5   35	  4.30505400e-01   1.72825600e-01   8.44948000e-01 	4    1 0
  75    4   36	  1.38682400e-01   5.84387100e-01   8.41918100e-01 	4    1 0
  -1    4   37	  1.01732100e-01   4.10068800e-01   8.41166000e-01 	4    1 0
  -1    4   38	  1.46535100e-01   2.16336100e-01   8.33378800e-01 	4    1 0
  77    4   39	  3.36445300e-01   3.55844200e-01   8.34986200e-01 	4    1 0
  -1    4   40	  2.00397200e-01   4.29085800e-01   8.32271100e-01 	4    1 0
  78    5   41	  4.70175600e-01   5.78903700e-01   8.46142800e-01 	4    1 0
  79    4   42	  1.50705800e-01   1.64485800e-01   5.90795800e-01 	4    1 0
  81    6   43	  1.70156000e-01   7.09628300e-01   7.23875700e-01 	4    1 0
  -1    4   44	  1.37537900e-01   4.92197400e-01   6.84228900e-01 	4    1 0
  -1    4   45	  1.58803200e-01   3.21625700e-01   7.01006200e-01 	4    1 0
  82    2   46	  1.53913000e-01   5.42780400e-01   5.06758800e-01 	4    1 0
  83    4   47	  1.77725700e-01   3.69680200e-01   5.30996200e-01 	4    1 0
  90    4   48	  2.71945000e-01   1.61035600e-01   5.04946400e-01 	4    1 0
  -1    4   49	  3.02102000e-01   1.69162600e-01   7.31150900e-01 	4    1 0
  91    0   50	  5.21172600e-01   1.79215600e-01   6.62017800e-01 	4    1 0
  94    4   51	  4.13255700e-01   1.85682300e-01   4.89484100e-01 	4    1 0
 102    6   52	  2.80838700e-01   5.47093600e-01   7.52587200e-01 	4    1 0
 104    6   53	  2.14986000e-01   6.02637200e-01   6.05897100e-01 	4    1 0
 111    5   54	  4.46881700e-01   3.03778900e-01   7.28991600e-01 	4    1 0
 114    4   55	  3.92100700e-01   5.82833300e-01   6.39195200e-01 	4    1 0
 115    5   56	  5.15539700e-01   5.07440500e-01   6.95836300e-01 	4    1 0
  -1    4   57	  3.20969100e-01   2.78401200e-01   6.16513300e-01 	4    1 0
 117    4   58	  3.29888500e-01   3.27257800e-01   4.61247900e-01 	4    1 0
  -1    4   59	  3.12509100e-01   4.35836400e-01   6.29365400e-01 	4    1 0
 118    0   60	  3.08402300e-01   4.99234300e-01   4.72241100e-01 	4    1 0
 122    4   61	  4.66922500e-01   3.39142900e-01   5.77524800e-01 	4    1 0
 123    6   62	  5.17425100e-01   3.30873100e-01   4.40583100e-01 	4    1 0
 127    5   63	  4.42487400e-01   4.45102200e-01   6.96531100e-01 	4    1 0
 129    1   64	  4.51975500e-01   4.42572700e-01   4.57208000e-01 	4    1 0
 131    5   65	  5.55200000e-01   4.47182800e-01   5.79656700e-01 	4    1 0
 132    6   66	  4.58019500e-01   5.19741800e-01   5.56892100e-01 	4    1 0

34
   0  1 1 1 
   1  1 1 1 
   2  1 1 1 
   3  1 1 1 
   4  1 1 1 
   5  1 1 1 
   6  1 1 1 
   7  1 1 1 
   8  1 1 1 
   9  1 1 1 
  10  1 1 1 
  11  1 1 1 
  12  1 1 1 
  13  1 1 1 
  14  1 1 1 
  15  1 1 1 
  16  1 1 1 
  17  1 1 1 
  18  1 1 1 
  19  1 1 1 
  20  1 1 1 
  21  1 1 1 
  22  1 1 1 
  23  1 1 1 
  24  1 1 1 
  25  1 1 1 
  26  1 1 1 
  27  1 1 1 
  28  1 1 1 
  29  1 1 1 
  30  1 1 1 
  31  1 1 1 
  32  1 1 1 
  33  1 1 1 

0


     0	    1     0     9    29 	4    1 0	2 5 0 0 5 5 0 0 
     1	    2     1    10    30 	4    1 0	2 5 0 0 5 5 0 0 
     2	    3     2    11    31 	4    1 0	2 5 0 0 5 5 0 0 
     3	    5     4    12    19 	4    1 0	2 3 0 0 5 5 0 0 
     4	    6     5    13    20 	4    1 0	2 3 0 0 5 5 0 0 
     5	    0     6     9    21 	4    1 0	2 3 0 0 5 5 0 0 
     6	    1     9    10    34 	4    1 0	2 0 0 0 5 0 0 0 
     7	    2    10    11    35 	4    1 0	2 0 0 0 5 0 0 0 
     8	    5    12    13    37 	4    1 0	2 0 0 0 5 0 0 0 
     9	    6    13     9    38 	4    1 0	2 0 0 0 5 0 0 0 
    10	   10     9    13    38 	4    1 0	2 0 0 0 5 0 0 0 
    11	   11    10    14    35 	4    1 0	2 0 0 0 5 0 0 0 
    12	   14    13    17    39 	4    1 0	2 0 0 0 5 0 0 0 
    13	   10    13    14    39 	4    1 0	2 0 0 0 5 0 0 0 
    14	   13    12    17    40 	4    1 0	2 0 0 0 5 0 0 0 
    15	   16    15    18    41 	4    1 0	2 0 0 0 5 0 0 0 
    16	   17    16    18    41 	4    1 0	2 0 0 0 5 0 0 0 
    17	   14    17    18    39 	4    1 0	2 0 0 0 5 0 0 0 
    18	    0     8    21    29 	4    1 0	3 5 0 0 5 5 0 0 
    19	    8     7    22    28 	4    1 0	3 5 0 0 5 5 0 0 
    20	   19     5    20    37 	4    1 0	3 0 0 0 5 0 0 0 
    21	   20     6    21    38 	4    1 0	3 0 0 0 5 0 0 0 
    22	   21     8    22    28 	4    1 0	3 0 0 0 5 0 0 0 
    23	   22     7    23    42 	4    1 0	3 0 0 0 5 0 0 0 
    24	   19    20    25    37 	4    1 0	3 0 0 0 5 0 0 0 
    25	   20    21    22    38 	4    1 0	3 0 0 0 5 0 0 0 
    26	   22    23    26    42 	4    1 0	3 0 0 0 5 0 0 0 
    27	   24    19    25    44 	4    1 0	3 0 0 0 5 0 0 0 
    28	   25    20    22    45 	4    1 0	3 0 0 0 5 0 0 0 
    29	   25    22    26    45 	4    1 0	3 0 0 0 5 0 0 0 
    30	   24    25    27    44 	4    1 0	3 0 0 0 5 0 0 0 
    31	   25    26    27    47 	4    1 0	3 0 0 0 5 0 0 0 
    32	   28     8    29    21 	4    1 0	5 0 0 0 5 0 0 0 
    33	   29     1    30    34 	4    1 0	5 0 0 0 5 0 0 0 
    34	   30     2    31    35 	4    1 0	5 0 0 0 5 0 0 0 
    35	   28    29    30    34 	4    1 0	5 0 0 0 5 0 0 0 
    36	   30    31    32    35 	4    1 0	5 0 0 0 5 0 0 0 
    37	   32    28    30    49 	4    1 0	5 0 0 0 5 0 0 0 
    38	   32    31    33    50 	4    1 0	5 0 0 0 5 0 0 0 
    39	    9    29     0    21 	4    1 0	0 0 0 0 0 0 0 0 
    40	    1    29     9    34 	4    1 0	0 0 0 0 0 0 0 0 
    41	   10    30     1    34 	4    1 0	0 0 0 0 0 0 0 0 
    42	    2    30    10    35 	4    1 0	0 0 0 0 0 0 0 0 
    43	   11    31     2    35 	4    1 0	0 0 0 0 0 0 0 0 
    44	   12    19     4    36 	4    1 0	0 0 0 0 0 0 0 0 
    45	    5    19    12    37 	4    1 0	0 0 0 0 0 0 0 0 
    46	   13    20     5    37 	4    1 0	0 0 0 0 0 0 0 0 
    47	    6    20    13    38 	4    1 0	0 0 0 0 0 0 0 0 
    48	    9    21     6    38 	4    1 0	0 0 0 0 0 0 0 0 
    49	   10    34     9    38 	4    1 0	0 0 0 0 0 0 0 0 
    50	   13    37    12    40 	4    1 0	0 0 0 0 0 0 0 0 
    51	   10    38    13    39 	4    1 0	0 0 0 0 0 0 0 0 
    52	   14    35    10    39 	4    1 0	0 0 0 0 0 0 0 0 
    53	   12    36    17    40 	4    1 0	0 0 0 0 0 0 0 0 
    54	   17    39    13    40 	4    1 0	0 0 0 0 0 0 0 0 
    55	   17    41    18    39 	4    1 0	0 0 0 0 0 0 0 0 
    56	   22    28     7    42 	4    1 0	0 0 0 0 0 0 0 0 
    57	   21    28    22    38 	4    1 0	0 0 0 0 0 0 0 0 
    58	   24    36    19    44 	4    1 0	0 0 0 0 0 0 0 0 
    59	   25    37    20    45 	4    1 0	0 0 0 0 0 0 0 0 
    60	   19    37    25    44 	4    1 0	0 0 0 0 0 0 0 0 
    61	   20    38    22    45 	4    1 0	0 0 0 0 0 0 0 0 
    62	   22    42    26    45 	4    1 0	0 0 0 0 0 0 0 0 
    63	   25    45    26    47 	4    1 0	0 0 0 0 0 0 0 0 
    64	   27    46    24    44 	4    1 0	0 0 0 0 0 0 0 0 
    65	   27    44    25    47 	4    1 0	0 0 0 0 0 0 0 0 
    66	   38    28    29    21 	4    1 0	0 0 0 0 0 0 0 0 
    67	   32    42    28    49 	4    1 0	0 0 0 0 0 0 0 0 
    68	   28    34    30    49 	4    1 0	0 0 0 0 0 0 0 0 
    69	   32    35    31    50 	4    1 0	0 0 0 0 0 0 0 0 
    70	   30    35    32    49 	4    1 0	0 0 0 0 0 0 0 0 
    71	   38     9    29    34 	4    1 0	0 0 0 0 0 0 0 0 
    72	   49    10    30    35 	4    1 0	0 0 0 0 0 0 0 0 
    73	   19    36    12    37 	4    1 0	0 0 0 0 0 0 0 0 
    74	   20    37    13    38 	4    1 0	0 0 0 0 0 0 0 0 
    75	   38    29     9    21 	4    1 0	0 0 0 0 0 0 0 0 
    76	   49    10    38    34 	4    1 0	0 0 0 0 0 0 0 0 
    77	   12    40    37    36 	4    1 0	0 0 0 0 0 0 0 0 
    78	   13    40    39    38 	4    1 0	0 0 0 0 0 0 0 0 
    79	   40    13    37    38 	4    1 0	0 0 0 0 0 0 0 0 
    80	   10    39    35    49 	4    1 0	0 0 0 0 0 0 0 0 
    81	   17    40    36    52 	4    1 0	0 0 0 0 0 0 0 0 
    82	   39    40    17    52 	4    1 0	0 0 0 0 0 0 0 0 
    83	   41    39    17    52 	4    1 0	0 0 0 0 0 0 0 0 
    84	   28    42    22    38 	4    1 0	0 0 0 0 0 0 0 0 
    85	   28    38    29    34 	4    1 0	0 0 0 0 0 0 0 0 
    86	   19    44    36    37 	4    1 0	0 0 0 0 0 0 0 0 
    87	   36    44    24    43 	4    1 0	0 0 0 0 0 0 0 0 
    88	   20    45    37    38 	4    1 0	0 0 0 0 0 0 0 0 
    89	   37    45    25    44 	4    1 0	0 0 0 0 0 0 0 0 
    90	   22    45    38    42 	4    1 0	0 0 0 0 0 0 0 0 
    91	   26    45    42    47 	4    1 0	0 0 0 0 0 0 0 0 
    92	   45    47    25    44 	4    1 0	0 0 0 0 0 0 0 0 
    93	   24    44    46    53 	4    1 0	0 0 0 0 0 0 0 0 
    94	   46    44    27    47 	4    1 0	0 0 0 0 0 0 0 0 
    95	   28    49    42    38 	4    1 0	0 0 0 0 0 0 0 0 
    96	   42    49    32    48 	4    1 0	0 0 0 0 0 0 0 0 
    97	   10    49    30    34 	4    1 0	0 0 0 0 0 0 0 0 
    98	   34    49    28    38 	4    1 0	0 0 0 0 0 0 0 0 
    99	   35    50    32    49 	4    1 0	0 0 0 0 0 0 0 0 
   100	   32    51    48    49 	4    1 0	0 0 0 0 0 0 0 0 
   101	   32    50    51    49 	4    1 0	0 0 0 0 0 0 0 0 
   102	   10    49    38    39 	4    1 0	0 0 0 0 0 0 0 0 
   103	   37    36    40    44 	4    1 0	0 0 0 0 0 0 0 0 
   104	   40    45    38    37 	4    1 0	0 0 0 0 0 0 0 0 
   105	   40    38    45    39 	4    1 0	0 0 0 0 0 0 0 0 
   106	   35    49    39    54 	4    1 0	0 0 0 0 0 0 0 0 
   107	   36    52    40    44 	4    1 0	0 0 0 0 0 0 0 0 
   108	   40    59    52    39 	4    1 0	0 0 0 0 0 0 0 0 
   109	   24    53    43    44 	4    1 0	0 0 0 0 0 0 0 0 
   110	   44    43    36    52 	4    1 0	0 0 0 0 0 0 0 0 
   111	   45    44    37    40 	4    1 0	0 0 0 0 0 0 0 0 
   112	   38    42    45    49 	4    1 0	0 0 0 0 0 0 0 0 
   113	   42    47    45    57 	4    1 0	0 0 0 0 0 0 0 0 
   114	   47    44    45    59 	4    1 0	0 0 0 0 0 0 0 0 
   115	   44    46    53    59 	4    1 0	0 0 0 0 0 0 0 0 
   116	   49    48    42    57 	4    1 0	0 0 0 0 0 0 0 0 
   117	   50    49    35    54 	4    1 0	0 0 0 0 0 0 0 0 
   118	   48    49    51    57 	4    1 0	0 0 0 0 0 0 0 0 
   119	   51    49    50    57 	4    1 0	0 0 0 0 0 0 0 0 
   120	   39    49    38    45 	4    1 0	0 0 0 0 0 0 0 0 
   121	   40    45    59    39 	4    1 0	0 0 0 0 0 0 0 0 
   122	   39    54    49    57 	4    1 0	0 0 0 0 0 0 0 0 
   123	   40    52    59    44 	4    1 0	0 0 0 0 0 0 0 0 
   124	   52    55    41    63 	4    1 0	0 0 0 0 0 0 0 0 
   125	   39    41    63    52 	4    1 0	0 0 0 0 0 0 0 0 
   126	   43    44    53    52 	4    1 0	0 0 0 0 0 0 0 0 
   127	   45    40    59    44 	4    1 0	0 0 0 0 0 0 0 0 
   128	   45    49    42    57 	4    1 0	0 0 0 0 0 0 0 0 
   129	   42    48    47    57 	4    1 0	0 0 0 0 0 0 0 0 
   130	   45    57    47    59 	4    1 0	0 0 0 0 0 0 0 0 
   131	   46    44    47    59 	4    1 0	0 0 0 0 0 0 0 0 
   132	   46    60    59    47 	4    1 0	0 0 0 0 0 0 0 0 
   133	   49    54    50    57 	4    1 0	0 0 0 0 0 0 0 0 
   134	   48    57    51    58 	4    1 0	0 0 0 0 0 0 0 0 
   135	   57    50    61    54 	4    1 0	0 0 0 0 0 0 0 0 
   136	   49    45    39    57 	4    1 0	0 0 0 0 0 0 0 0 
   137	   45    59    39    57 	4    1 0	0 0 0 0 0 0 0 0 
   138	   54    57    39    59 	4    1 0	0 0 0 0 0 0 0 0 
   139	   39    63    54    59 	4    1 0	0 0 0 0 0 0 0 0 
   140	   52    59    44    53 	4    1 0	0 0 0 0 0 0 0 0 
   141	   39    59    52    63 	4    1 0	0 0 0 0 0 0 0 0 
   142	   41    63    55    56 	4    1 0	0 0 0 0 0 0 0 0 
   143	   55    63    52    59 	4    1 0	0 0 0 0 0 0 0 0 
   144	   47    57    48    58 	4    1 0	0 0 0 0 0 0 0 0 
   145	   47    59    57    58 	4    1 0	0 0 0 0 0 0 0 0 
   146	   58    60    47    59 	4    1 0	0 0 0 0 0 0 0 0 
   147	   46    59    60    53 	4    1 0	0 0 0 0 0 0 0 0 
   148	   51    58    57    61 	4    1 0	0 0 0 0 0 0 0 0 
   149	   50    57    61    51 	4    1 0	0 0 0 0 0 0 0 0 
   150	   57    59    54    61 	4    1 0	0 0 0 0 0 0 0 0 
   151	   59    63    54    61 	4    1 0	0 0 0 0 0 0 0 0 
   152	   59    53    52    55 	4    1 0	0 0 0 0 0 0 0 0 
   153	   55    56    63    66 	4    1 0	0 0 0 0 0 0 0 0 
   154	   63    59    55    66 	4    1 0	0 0 0 0 0 0 0 0 
   155	   57    58    59    61 	4    1 0	0 0 0 0 0 0 0 0 
   156	   60    59    58    64 	4    1 0	0 0 0 0 0 0 0 0 
   157	   55    60    59    53 	4    1 0	0 0 0 0 0 0 0 0 
   158	   63    61    59    66 	4    1 0	0 0 0 0 0 0 0 0 
   159	   60    55    59    66 	4    1 0	0 0 0 0 0 0 0 0 
   160	   63    66    56    65 	4    1 0	0 0 0 0 0 0 0 0 
   161	   59    61    58    64 	4    1 0	0 0 0 0 0 0 0 0 
   162	   59    64    60    66 	4    1 0	0 0 0 0 0 0 0 0 
   163	   61    65    62    64 	4    1 0	0 0 0 0 0 0 0 0 
   164	   59    66    61    64 	4    1 0	0 0 0 0 0 0 0 0 
   165	   61    66    63    65 	4    1 0	0 0 0 0 0 0 0 0 
   166	   65    64    61    66 	4    1 0	0 0 0 0 0 0 0 0 

     0 0 0 0 0
     1 0 0 0 0
     2 0 0 0 0
     3 0 0 0 0
     4 0 0 0 0
     5 0 0 0 0
     6 0 0 0 0
     7 0 0 0 0
     8 0 0 0 0
     9 0 0 0 0
    10 0 0 0 0
    11 0 0 0 0
    12 0 0 0 0
    13 0 0 0 0
    14 0 0 0 0
    15 0 0 0 0
    16 0 0 0 0
    17 0 0 0 0
    18 0 0 0 0
    19 0 0 0 0
    20 0 0 0 0
    21 0 0 0 0
    22 0 0 0 0
    23 0 0 0 0
    24 0 0 0 0
    25 0 0 0 0
    26 0 0 0 0
    27 0 0 0 0
    28 0 0 0 0
    29 0 0 0 0
    30 0 0 0 0
    31 0 0 0 0
    32 0 0 0 0
    33 0 0 0 0
    34 0 0 0 0
    35 0 0 0 0
    36 0 0 0 0
    37 0 0 0 0
    38 0 0 0 0
    39 0 0 0 0
    40 0 0 0 0
    41 0 0 0 0
    42 0 0 0 0
    43 0 0 0 0
    44 0 0 0 0
    45 0 0 0 0
    46 0 0 0 0
    47 0 0 0 0
    48 0 0 0 0
    49 0 0 0 0
    50 0 0 0 0
    51 0 0 0 0
    52 0 0 0 0
    53 0 0 0 0
    54 0 0 0 0
    55 0 0 0 0
    56 0 0 0 0
    57 0 0 0 0
    58 0 0 0 0
    59 0 0 0 0
    60 0 0 0 0
    61 0 0 0 0
    62 0 0 0 0
    63 0 0 0 0
    64 0 0 0 0
    65 0 0 0 0
    66 0 0 0 0
    67 0 0 0 0
    68 0 0 0 0
    69 0 0 0 0
    70 0 0 0 0
    71 0 0 0 0
    72 0 0 0 0
    73 0 0 0 0
    74 0 0 0 0
    75 0 0 0 0
    76 0 0 0 0
    77 0 0 0 0
    78 0 0 0 0
    79 0 0 0 0
    80 0 0 0 0
    81 0 0 0 0
    82 0 0 0 0
    83 0 0 0 0
    84 0 0 0 0
    85 0 0 0 0
    86 0 0 0 0
    87 0 0 0 0
    88 0 0 0 0
    89 0 0 0 0
    90 0 0 0 0
    91 0 0 0 0
    92 0 0 0 0
    93 0 0 0 0
    94 0 0 0 0
    95 0 0 0 0
    96 0 0 0 0
    97 0 0 0 0
    98 0 0 0 0
    99 0 0 0 0
   100 0 0 0 0
   101 0 0 0 0
   102 0 0 0 0
   103 0 0 0 0
   104 0 0 0 0
   105 0 0 0 0
   106 0 0 0 0
   107 0 0 0 0
   108 0 0 0 0
   109 0 0 0 0
   110 0 0 0 0
   111 0 0 0 0
   112 0 0 0 0
   113 0 0 0 0
   114 0 0 0 0
   115 0 0 0 0
   116 0 0 0 0
   117 0 0 0 0
   118 0 0 0 0
   119 0 0 0 0
   120 0 0 0 0
   121 0 0 0 0
   122 0 0 0 0
   123 0 0 0 0
   124 0 0 0 0
   125 0 0 0 0
   126 0 0 0 0
   127 0 0 0 0
   128 0 0 0 0
   129 0 0 0 0
   130 0 0 0 0
   131 0 0 0 0
   132 0 0 0 0
   133 0 0 0 0
   134 0 0 0 0
   135 0 0 0 0
   136 0 0 0 0
   137 0 0 0 0
   138 0 0 0 0
   139 0 0 0 0
   140 0 0 0 0
   141 0 0 0 0
   142 0 0 0 0
   143 0 0 0 0
   144 0 0 0 0
   145 0 0 0 0
   146 0 0 0 0
   147 0 0 0 0
   148 0 0 0 0
   149 0 0 0 0
   150 0 0 0 0
   151 0 0 0 0
   152 0 0 0 0
   153 0 0 0 0
   154 0 0 0 0
   155 0 0 0 0
   156 0 0 0 0
   157 0 0 0 0
   158 0 0 0 0
   159 0 0 0 0
   160 0 0 0 0
   161 0 0 0 0
   162 0 0 0 0
   163 0 0 0 0
   164 0 0 0 0
   165 0 0 0 0
   166 0 0 0 0


  1.00000000e+08   1.00000000e+06   1.00000000e+06   4.00000000e+06   0.00000000e+00   0.00000000e+00   2.50000000e-01   0.00000000e+00   0.00000000e+00   1.00000000e+00   1.00000000e+00   1.00000000e+00   1.70000000e+03 	2 1 

1 
1 0 0 	0 1 0 	0 0 1 

0 0.5 0.5

0

0

0
