         7         1         0         8         1
       110         0         0         0       335         0         0         0

         1         0    1   0.000000e+00   0.000000e+00   0.000000e+00    1         1         0
         2         0    1   1.000000e+00   0.000000e+00   0.000000e+00    1         2         0
         3         0    1   2.000000e-01   0.000000e+00   0.000000e+00    2         1         0
         4         0    1   4.000000e-01   0.000000e+00   0.000000e+00    2         1         0
         5         0    1   6.000000e-01   0.000000e+00   0.000000e+00    2         1         0
         6         0    1   8.000000e-01   0.000000e+00   0.000000e+00    2         1         0
         7         1    1   1.000000e+00   2.000000e-01   0.000000e+00    2         2         0
         8         2    1   0.000000e+00   6.000000e-01   0.000000e+00    2         4         0
         9         0    1   0.000000e+00   4.000000e-01   0.000000e+00    2         4         0
        10         0    1   0.000000e+00   2.000000e-01   0.000000e+00    2         4         0
        11         0    1   0.000000e+00   0.000000e+00   2.000000e-01    2         9         0
        12         0    1   0.000000e+00   0.000000e+00   4.000000e-01    2         9         0
        13         5    4   0.000000e+00   0.000000e+00   6.000000e-01    2         9         0
        14         0    1   1.000000e+00   0.000000e+00   2.000000e-01    2        10         0
        15         0    1   1.000000e+00   0.000000e+00   4.000000e-01    2        10         0
        16         6    3   1.000000e+00   0.000000e+00   6.000000e-01    2        10         0
        17         0    1   1.363843e-01   1.357763e-01   0.000000e+00    5         1         0
        18         0    1   3.024049e-01   1.602583e-01   0.000000e+00    5         1         0
        19         0    1   5.038690e-01   1.711048e-01   0.000000e+00    5         1         0
        20         0    1   7.048739e-01   1.607888e-01   0.000000e+00    5         1         0
        21         0    1   8.681538e-01   1.308152e-01   0.000000e+00    5         1         0
        22        10    1   8.355632e-01   2.934336e-01   0.000000e+00    5         1         0
        23        11    1   1.302619e-01   4.995800e-01   0.000000e+00    5         1         0
        24         0    1   1.795168e-01   3.186231e-01   0.000000e+00    5         1         0
        25         0    1   3.942539e-01   3.361634e-01   0.000000e+00    5         1         0
        26        12    2   6.210148e-01   3.696139e-01   0.000000e+00    5         1         0
        27        13    1   2.913708e-01   4.990986e-01   0.000000e+00    5         1         0
        28        14    2   4.653236e-01   4.988836e-01   0.000000e+00    5         1         0
        29         0    1   0.000000e+00   1.364718e-01   1.358531e-01    5         3         0
        30         0    1   0.000000e+00   3.026116e-01   1.604369e-01    5         3         0
        31        23    1   0.000000e+00   5.041367e-01   1.713985e-01    5         3         0
        32        24    4   0.000000e+00   1.303947e-01   4.997221e-01    5         3         0
        33         0    1   0.000000e+00   1.797473e-01   3.188287e-01    5         3         0
        34        25    2   0.000000e+00   6.212953e-01   3.702338e-01    5         3         0
        35         0    1   0.000000e+00   3.948350e-01   3.365998e-01    5         3         0
        36        26    4   0.000000e+00   2.916656e-01   4.994466e-01    5         3         0
        37        27    4   0.000000e+00   4.657596e-01   4.994031e-01    5         3         0
        38         0    1   1.000000e+00   1.311448e-01   1.317922e-01    5         4         0
        39        29    2   1.000000e+00   2.941214e-01   1.642521e-01    5         4         0
        40        32    3   1.000000e+00   1.718986e-01   4.957373e-01    5         4         0
        41         0    1   1.000000e+00   1.616028e-01   2.947090e-01    5         4         0
        42        34    1   1.000000e+00   3.712230e-01   3.784817e-01    5         4         0
        43         0    1   1.318171e-01   0.000000e+00   1.309763e-01    5         5         0
        44         0    1   1.643019e-01   0.000000e+00   2.937394e-01    5         5         0
        45         0    1   1.808503e-01   0.000000e+00   4.998997e-01    5         5         0
        46        37    1   1.642097e-01   0.000000e+00   7.060980e-01    5         5         0
        47         0    1   8.635282e-01   0.000000e+00   1.358531e-01    5         5         0
        48         0    1   6.973884e-01   0.000000e+00   1.604369e-01    5         5         0
        49         0    1   4.958633e-01   0.000000e+00   1.713985e-01    5         5         0
        50         0    1   2.947837e-01   0.000000e+00   1.611421e-01    5         5         0
        51        38    4   8.204347e-01   0.000000e+00   6.806134e-01    5         5         0
        52         0    1   8.696053e-01   0.000000e+00   4.997221e-01    5         5         0
        53         0    1   8.202527e-01   0.000000e+00   3.188287e-01    5         5         0
        54         0    1   3.787047e-01   0.000000e+00   3.702338e-01    5         5         0
        55        39    4   3.785829e-01   0.000000e+00   6.291518e-01    5         5         0
        56        40    1   6.052380e-01   0.000000e+00   6.624751e-01    5         5         0
        57         0    1   6.051650e-01   0.000000e+00   3.365998e-01    5         5         0
        58         0    1   7.083344e-01   0.000000e+00   4.994466e-01    5         5         0
        59         0    1   5.342404e-01   0.000000e+00   4.994031e-01    5         5         0
        60         0    1   2.070741e-01   8.704021e-02   1.305661e-01    4         1         0
        61         0    1   4.420862e-01   1.835911e-01   1.693019e-01    4         1         0
        62         0    1   6.088568e-01   1.318383e-01   1.761736e-01    4         1         0
        63         0    1   7.983353e-01   1.226789e-01   2.065910e-01    4         1         0
        64         0    1   8.737897e-01   2.177667e-01   1.414745e-01    4         1         0
        65        47    1   8.696289e-01   4.031995e-01   1.609110e-01    4         1         0
        66        48    1   1.449395e-01   5.850294e-01   1.669201e-01    4         1         0
        67         0    1   1.049371e-01   4.114239e-01   1.626234e-01    4         1         0
        68         0    1   1.470575e-01   2.244915e-01   1.550815e-01    4         1         0
        69         0    1   5.872092e-01   2.361290e-01   1.179993e-01    4         1         0
        70        49    2   7.257592e-01   3.848398e-01   1.557990e-01    4         1         0
        71         0    1   3.319100e-01   3.588482e-01   1.428977e-01    4         1         0
        72         0    1   7.045438e-01   2.531866e-01   1.556515e-01    4         1         0
        73         0    1   2.051501e-01   4.305471e-01   1.671227e-01    4         1         0
        74         0    1   5.192529e-01   3.762014e-01   1.584993e-01    4         1         0
        75        50    1   5.834563e-01   4.934639e-01   1.246643e-01    4         1         0
        76        51    2   4.491968e-01   5.847422e-01   1.429246e-01    4         1         0
        77        60    1   1.507058e-01   1.644858e-01   5.907958e-01    4         1         0
        78         0    1   1.564076e-01   1.039491e-01   4.220795e-01    4         1         0
        79         0    1   1.722290e-01   3.373104e-01   3.227929e-01    4         1         0
        80         0    1   1.530556e-01   4.877766e-01   3.245616e-01    4         1         0
        81         0    1   1.506262e-01   2.235773e-01   4.422009e-01    4         1         0
        82        62    2   1.539130e-01   5.427804e-01   5.067588e-01    4         1         0
        83        63    1   1.777257e-01   3.696802e-01   5.309962e-01    4         1         0
        84        65    4   8.207055e-01   1.597855e-01   5.609916e-01    4         1         0
        85         0    1   8.511029e-01   1.038744e-01   4.002793e-01    4         1         0
        86         0    1   8.246942e-01   2.725014e-01   3.293819e-01    4         1         0
        87        67    1   8.287969e-01   4.740899e-01   3.023522e-01    4         1         0
        88        68    3   8.395545e-01   4.021246e-01   5.055915e-01    4         1         0
        89         0    1   6.826270e-01   1.358939e-01   3.714079e-01    4         1         0
        90         0    1   2.798430e-01   1.757956e-01   3.035898e-01    4         1         0
        91        70    4   2.719450e-01   1.610356e-01   5.049464e-01    4         1         0
        92        71    1   5.211726e-01   1.792156e-01   6.620178e-01    4         1         0
        93         0    1   5.076968e-01   1.541545e-01   3.446251e-01    4         1         0
        94        72    4   6.450760e-01   1.309547e-01   5.554515e-01    4         1         0
        95        73    1   4.132557e-01   1.856823e-01   4.894841e-01    4         1         0
        96        77    2   2.910765e-01   5.545454e-01   2.122345e-01    4         1         0
        97        78    1   2.568329e-01   5.813263e-01   3.676459e-01    4         1         0
        98         0    1   5.563659e-01   2.074276e-01   4.786210e-01    4         1         0
        99         0    1   4.238037e-01   3.167868e-01   3.204941e-01    4         1         0
       100         0    1   6.102457e-01   3.057718e-01   2.956330e-01    4         1         0
       101        80    2   6.572751e-01   4.849333e-01   2.326918e-01    4         1         0
       102        81    1   5.314581e-01   4.952567e-01   3.155093e-01    4         1         0
       103        86    1   3.298885e-01   3.272578e-01   4.612479e-01    4         1         0
       104        87    2   3.084023e-01   4.992343e-01   4.722411e-01    4         1         0
       105        88    1   6.598728e-01   3.132180e-01   5.398631e-01    4         1         0
       106        89    1   6.710502e-01   4.653103e-01   4.281223e-01    4         1         0
       107        90    4   4.669225e-01   3.391429e-01   5.775248e-01    4         1         0
       108        91    3   5.174251e-01   3.308731e-01   4.405831e-01    4         1         0
       109        94    2   3.517539e-01   4.623021e-01   3.128641e-01    4         1         0
       110        96    1   4.519755e-01   4.425727e-01   4.572080e-01    4         1         0

         1         1         3        17        43    4         1         0         1         5         0         0    5    5    0    0
         2         3         4        18        50    4         1         0         1         5         0         0    5    5    0    0
         3         4         5        19        49    4         1         0         1         5         0         0    5    5    0    0
         4         5         6        20        48    4         1         0         1         5         0         0    5    5    0    0
         5         6         2        21        47    4         1         0         1         5         0         0    5    5    0    0
         6         2         7        21        38    4         1         0         1         4         0         0    5    5    0    0
         7         8         9        23        31    4         1         0         1         3         0         0    5    5    0    0
         8         9        10        24        30    4         1         0         1         3         0         0    5    5    0    0
         9        10         1        17        29    4         1         0         1         3         0         0    5    5    0    0
        10        17         3        18        60    4         1         0         1         0         0         0    5    0    0    0
        11        18         4        19        61    4         1         0         1         0         0         0    5    0    0    0
        12        19         5        20        62    4         1         0         1         0         0         0    5    0    0    0
        13        47        21         6        20    4         1         0         0         0         1         0    0    0    5    0
        14        21         7        22        64    4         1         0         1         0         0         0    5    0    0    0
        15        23         9        24        67    4         1         0         1         0         0         0    5    0    0    0
        16        24        10        17        68    4         1         0         1         0         0         0    5    0    0    0
        17        17        18        24        68    4         1         0         1         0         0         0    5    0    0    0
        18        18        19        25        61    4         1         0         1         0         0         0    5    0    0    0
        19        19        20        26        69    4         1         0         1         0         0         0    5    0    0    0
        20        64        20        21        63    4         1         0         0         0         0         0    0    0    0    0
        21        24        25        27        71    4         1         0         1         0         0         0    5    0    0    0
        22        24        18        25        71    4         1         0         1         0         0         0    5    0    0    0
        23        74        19        26        69    4         1         0         0         0         0         0    0    0    0    0
        24        26        20        22        72    4         1         0         1         0         0         0    5    0    0    0
        25        23        24        27        73    4         1         0         1         0         0         0    5    0    0    0
        26        25        26        28        74    4         1         0         1         0         0         0    5    0    0    0
        27        27        25        28        71    4         1         0         1         0         0         0    5    0    0    0
        28        13        12        32        45    4         1         0         3         5         0         0    5    5    0    0
        29        12        11        33        44    4         1         0         3         5         0         0    5    5    0    0
        30        11         1        29        43    4         1         0         3         5         0         0    5    5    0    0
        31        29        10        30        68    4         1         0         3         0         0         0    5    0    0    0
        32        30         9        31        67    4         1         0         3         0         0         0    5    0    0    0
        33        32        12        33        78    4         1         0         3         0         0         0    5    0    0    0
        34        33        11        29        44    4         1         0         3         0         0         0    5    0    0    0
        35        29        30        33        68    4         1         0         3         0         0         0    5    0    0    0
        36        30        31        35        67    4         1         0         3         0         0         0    5    0    0    0
        37        33        35        36        79    4         1         0         3         0         0         0    5    0    0    0
        38        33        30        35        79    4         1         0         3         0         0         0    5    0    0    0
        39        35        31        34        80    4         1         0         3         0         0         0    5    0    0    0
        40        32        33        36        81    4         1         0         3         0         0         0    5    0    0    0
        41        35        34        37        80    4         1         0         3         0         0         0    5    0    0    0
        42        36        35        37        79    4         1         0         3         0         0         0    5    0    0    0
        43        15        16        40        52    4         1         0         4         5         0         0    5    5    0    0
        44        14        15        41        53    4         1         0         4         5         0         0    5    5    0    0
        45        14         2        21        38    4         1         0         0         4         0         0    0    5    0    0
        46         7        38        39        64    4         1         0         4         0         0         0    5    0    0    0
        47        15        40        41        85    4         1         0         4         0         0         0    5    0    0    0
        48        14        41        38        64    4         1         0         4         0         0         0    5    0    0    0
        49        39        38        41        64    4         1         0         4         0         0         0    5    0    0    0
        50        41        40        42        86    4         1         0         4         0         0         0    5    0    0    0
        51        39        41        42        86    4         1         0         4         0         0         0    5    0    0    0
        52        43        11        44        29    4         1         0         5         0         0         0    5    0    0    0
        53        44        12        45        78    4         1         0         5         0         0         0    5    0    0    0
        54        45        13        46        77    4         1         0         5         0         0         0    5    0    0    0
        55        47        48        20         6    4         1         0         0         5         0         0    0    5    0    0
        56        48         5        49        62    4         1         0         5         0         0         0    5    0    0    0
        57        49         4        50        61    4         1         0         5         0         0         0    5    0    0    0
        58        50         3        43        60    4         1         0         5         0         0         0    5    0    0    0
        59        51        16        52        84    4         1         0         5         0         0         0    5    0    0    0
        60        52        15        53        85    4         1         0         5         0         0         0    5    0    0    0
        61        63        14        53        47    4         1         0         0         0         5         0    0    0    5    0
        62        43        44        50        60    4         1         0         5         0         0         0    5    0    0    0
        63        44        45        54        78    4         1         0         5         0         0         0    5    0    0    0
        64        45        46        55        77    4         1         0         5         0         0         0    5    0    0    0
        65        47        48        53        63    4         1         0         5         0         0         0    5    0    0    0
        66        48        49        57        62    4         1         0         5         0         0         0    5    0    0    0
        67        49        50        54        61    4         1         0         5         0         0         0    5    0    0    0
        68        51        52        58        84    4         1         0         5         0         0         0    5    0    0    0
        69        53        57        58        89    4         1         0         5         0         0         0    5    0    0    0
        70        50        44        54        90    4         1         0         5         0         0         0    5    0    0    0
        71        54        45        55        91    4         1         0         5         0         0         0    5    0    0    0
        72        53        48        57        89    4         1         0         5         0         0         0    5    0    0    0
        73        57        49        54        93    4         1         0         5         0         0         0    5    0    0    0
        74        84        56        58        51    4         1         0         0         0         5         0    0    0    5    0
        75        52        53        58        85    4         1         0         5         0         0         0    5    0    0    0
        76        54        55        59        95    4         1         0         5         0         0         0    5    0    0    0
        77        55        56        59        92    4         1         0         5         0         0         0    5    0    0    0
        78        57        54        59        93    4         1         0         5         0         0         0    5    0    0    0
        79        56        58        59        94    4         1         0         5         0         0         0    5    0    0    0
        80        58        57        59        89    4         1         0         5         0         0         0    5    0    0    0
        81        17        43         3        60    4         1         0         0         0         0         0    0    0    0    0
        82         1        43        17        29    4         1         0         0         0         0         0    0    0    0    0
        83        18        50         4        61    4         1         0         0         0         0         0    0    0    0    0
        84         3        50        18        60    4         1         0         0         0         0         0    0    0    0    0
        85        19        49         5        62    4         1         0         0         0         0         0    0    0    0    0
        86         4        49        19        61    4         1         0         0         0         0         0    0    0    0    0
        87        47        20        48        63    4         1         0         0         0         0         0    0    0    0    0
        88         5        48        20        62    4         1         0         0         0         0         0    0    0    0    0
        89        14        21         2        47    4         1         0         0         0         0         5    0    0    0    5
        90        21        47        63        20    4         1         0         0         0         0         0    0    0    0    0
        91        21        38         7        64    4         1         0         0         0         0         0    0    0    0    0
        92         7        39        22        64    4         1         0         0         0         0         0    0    0    0    0
        93        23        31         9        67    4         1         0         0         0         0         0    0    0    0    0
        94        24        30        10        68    4         1         0         0         0         0         0    0    0    0    0
        95         9        30        24        67    4         1         0         0         0         0         0    0    0    0    0
        96        10        29        17        68    4         1         0         0         0         0         0    0    0    0    0
        97        17        60        18        68    4         1         0         0         0         0         0    0    0    0    0
        98        19        62        20        69    4         1         0         0         0         0         0    0    0    0    0
        99        64        21        20        22    4         1         0         0         0         1         0    0    0    5    0
       100        23        67        24        73    4         1         0         0         0         0         0    0    0    0    0
       101        24        68        18        71    4         1         0         0         0         0         0    0    0    0    0
       102        25        61        19        74    4         1         0         0         0         0         0    0    0    0    0
       103        18        61        25        71    4         1         0         0         0         0         0    0    0    0    0
       104        26        69        20        72    4         1         0         0         0         0         0    0    0    0    0
       105        64        72        22        20    4         1         0         0         0         0         0    0    0    0    0
       106        22        70        26        72    4         1         0         0         0         0         0    0    0    0    0
       107        27        66        23        73    4         1         0         0         0         0         0    0    0    0    0
       108        24        71        27        73    4         1         0         0         0         0         0    0    0    0    0
       109        19        74        26        25    4         1         0         0         0         0         1    0    0    0    5
       110        28        74        26        75    4         1         0         0         0         0         0    0    0    0    0
       111        25        74        28        71    4         1         0         0         0         0         0    0    0    0    0
       112        28        76        27        71    4         1         0         0         0         0         0    0    0    0    0
       113        32        45        12        78    4         1         0         0         0         0         0    0    0    0    0
       114        13        45        32        77    4         1         0         0         0         0         0    0    0    0    0
       115        12        44        33        78    4         1         0         0         0         0         0    0    0    0    0
       116        32        78        33        81    4         1         0         0         0         0         0    0    0    0    0
       117        33        44        29        68    4         1         0         0         0         0         0    0    0    0    0
       118        33        68        30        79    4         1         0         0         0         0         0    0    0    0    0
       119        35        67        31        80    4         1         0         0         0         0         0    0    0    0    0
       120        30        67        35        79    4         1         0         0         0         0         0    0    0    0    0
       121        31        66        34        80    4         1         0         0         0         0         0    0    0    0    0
       122        36        77        32        81    4         1         0         0         0         0         0    0    0    0    0
       123        33        79        36        81    4         1         0         0         0         0         0    0    0    0    0
       124        34        82        37        80    4         1         0         0         0         0         0    0    0    0    0
       125        35        80        37        79    4         1         0         0         0         0         0    0    0    0    0
       126        37        83        36        79    4         1         0         0         0         0         0    0    0    0    0
       127        40        52        16        84    4         1         0         0         0         0         0    0    0    0    0
       128        15        52        40        85    4         1         0         0         0         0         0    0    0    0    0
       129        41        53        15        85    4         1         0         0         0         0         0    0    0    0    0
       130        41        85        40        86    4         1         0         0         0         0         0    0    0    0    0
       131        41        64        14        63    4         1         0         0         0         0         0    0    0    0    0
       132        39        64        41        86    4         1         0         0         0         0         0    0    0    0    0
       133        42        65        39        86    4         1         0         0         0         0         0    0    0    0    0
       134        40        88        42        86    4         1         0         0         0         0         0    0    0    0    0
       135        68        44        29        43    4         1         0         0         0         0         0    0    0    0    0
       136        14        63        53        41    4         1         0         0         0         0         0    0    0    0    0
       137        50        60        44        90    4         1         0         0         0         0         0    0    0    0    0
       138        54        78        45        91    4         1         0         0         0         0         0    0    0    0    0
       139        44        78        54        90    4         1         0         0         0         0         0    0    0    0    0
       140        45        77        55        91    4         1         0         0         0         0         0    0    0    0    0
       141        53        63        48        89    4         1         0         0         0         0         0    0    0    0    0
       142        57        62        49        93    4         1         0         0         0         0         0    0    0    0    0
       143        48        62        57        89    4         1         0         0         0         0         0    0    0    0    0
       144        54        61        50        90    4         1         0         0         0         0         0    0    0    0    0
       145        49        61        54        93    4         1         0         0         0         0         0    0    0    0    0
       146        58        84        52        85    4         1         0         0         0         0         0    0    0    0    0
       147        84        58        56        94    4         1         0         0         0         0         0    0    0    0    0
       148        53        89        58        85    4         1         0         0         0         0         0    0    0    0    0
       149        54        91        55        95    4         1         0         0         0         0         0    0    0    0    0
       150        59        95        55        92    4         1         0         0         0         0         0    0    0    0    0
       151        54        95        59        93    4         1         0         0         0         0         0    0    0    0    0
       152        59        92        56        94    4         1         0         0         0         0         0    0    0    0    0
       153        57        93        59        89    4         1         0         0         0         0         0    0    0    0    0
       154        59        94        58        89    4         1         0         0         0         0         0    0    0    0    0
       155        68        43        17        60    4         1         0         0         0         0         0    0    0    0    0
       156        90        18        50        60    4         1         0         0         0         0         0    0    0    0    0
       157        49        62        19        61    4         1         0         0         0         0         0    0    0    0    0
       158        48        63        20        62    4         1         0         0         0         0         0    0    0    0    0
       159        64        14        21        38    4         1         0         0         0         0         0    0    0    0    0
       160        14        64        21        63    4         1         0         0         0         0         0    0    0    0    0
       161        39        65        22        64    4         1         0         0         0         0         0    0    0    0    0
       162        31        67        23        66    4         1         0         0         0         0         0    0    0    0    0
       163        30        68        24        67    4         1         0         0         0         0         0    0    0    0    0
       164        68        17        43        29    4         1         0         0         0         0         0    0    0    0    0
       165        90        18        68        71    4         1         0         0         0         0         0    0    0    0    0
       166        72        62        20        63    4         1         0         0         0         0         0    0    0    0    0
       167        62        69        19        61    4         1         0         0         0         0         0    0    0    0    0
       168        72        64        63        20    4         1         0         0         0         0         0    0    0    0    0
       169        70        22        64        72    4         1         0         0         0         0         0    0    0    0    0
       170        24        73        68        71    4         1         0         0         0         0         0    0    0    0    0
       171        67        73        23        66    4         1         0         0         0         0         0    0    0    0    0
       172        73        24        68        67    4         1         0         0         0         0         0    0    0    0    0
       173        19        74        61        69    4         1         0         0         0         0         0    0    0    0    0
       174        61        74        25        71    4         1         0         0         0         0         0    0    0    0    0
       175        61        71        18        90    4         1         0         0         0         0         0    0    0    0    0
       176        62        72        20        69    4         1         0         0         0         0         0    0    0    0    0
       177        69        72        26        74    4         1         0         0         0         0         0    0    0    0    0
       178        26        72        70        74    4         1         0         0         0         0         0    0    0    0    0
       179        70        64        22        65    4         1         0         0         0         0         0    0    0    0    0
       180        66        73        27        96    4         1         0         0         0         0         0    0    0    0    0
       181        27        73        71        96    4         1         0         0         0         0         0    0    0    0    0
       182        26        75        74        70    4         1         0         0         0         0         0    0    0    0    0
       183        74        75        28        76    4         1         0         0         0         0         0    0    0    0    0
       184        28        71        74        76    4         1         0         0         0         0         0    0    0    0    0
       185        27        71        76        96    4         1         0         0         0         0         0    0    0    0    0
       186        45        78        32        77    4         1         0         0         0         0         0    0    0    0    0
       187        90        33        44        78    4         1         0         0         0         0         0    0    0    0    0
       188        78        81        32        77    4         1         0         0         0         0         0    0    0    0    0
       189        44        68        60        43    4         1         0         0         0         0         0    0    0    0    0
       190        30        79        68        67    4         1         0         0         0         0         0    0    0    0    0
       191        68        79        33        90    4         1         0         0         0         0         0    0    0    0    0
       192        31        80        67        66    4         1         0         0         0         0         0    0    0    0    0
       193        67        80        35        79    4         1         0         0         0         0         0    0    0    0    0
       194        77        81        36        83    4         1         0         0         0         0         0    0    0    0    0
       195        36        81        79        83    4         1         0         0         0         0         0    0    0    0    0
       196        37        80        82        83    4         1         0         0         0         0         0    0    0    0    0
       197        82        80        34        97    4         1         0         0         0         0         0    0    0    0    0
       198        37        79        80        83    4         1         0         0         0         0         0    0    0    0    0
       199        52        84        40        85    4         1         0         0         0         0         0    0    0    0    0
       200        53        85        41        63    4         1         0         0         0         0         0    0    0    0    0
       201        63        14        47        21    4         1         0         0         0         0         0    0    0    0    0
       202        40        86        85        84    4         1         0         0         0         0         0    0    0    0    0
       203        63        41        86        85    4         1         0         0         0         0         0    0    0    0    0
       204        64        86        39        65    4         1         0         0         0         0         0    0    0    0    0
       205        65        86        42        87    4         1         0         0         0         0         0    0    0    0    0
       206        84        88        40        86    4         1         0         0         0         0         0    0    0    0    0
       207        86        88        42        87    4         1         0         0         0         0         0    0    0    0    0
       208        44        90        60        68    4         1         0         0         0         0         0    0    0    0    0
       209        18        90        50        61    4         1         0         0         0         0         0    0    0    0    0
       210        45        91        78        77    4         1         0         0         0         0         0    0    0    0    0
       211        78        91        54        90    4         1         0         0         0         0         0    0    0    0    0
       212        33        90        44        68    4         1         0         0         0         0         0    0    0    0    0
       213        48        89        63        62    4         1         0         0         0         0         0    0    0    0    0
       214        63        89        53        85    4         1         0         0         0         0         0    0    0    0    0
       215        49        93        62        61    4         1         0         0         0         0         0    0    0    0    0
       216        62        93        57        89    4         1         0         0         0         0         0    0    0    0    0
       217        61        90        54        93    4         1         0         0         0         0         0    0    0    0    0
       218        84        85        58        89    4         1         0         0         0         0         0    0    0    0    0
       219        58        94        84        89    4         1         0         0         0         0         0    0    0    0    0
       220        91        95        54        90    4         1         0         0         0         0         0    0    0    0    0
       221        95        92        59        98    4         1         0         0         0         0         0    0    0    0    0
       222        59        93        95        98    4         1         0         0         0         0         0    0    0    0    0
       223        95        93        54        90    4         1         0         0         0         0         0    0    0    0    0
       224        92        94        59        98    4         1         0         0         0         0         0    0    0    0    0
       225        59        89        93        98    4         1         0         0         0         0         0    0    0    0    0
       226        94        89        59        98    4         1         0         0         0         0         0    0    0    0    0
       227        18        90        68        60    4         1         0         0         0         0         0    0    0    0    0
       228       100        62        61        69    4         1         0         0         0         0         0    0    0    0    0
       229        64        72        63        86    4         1         0         0         0         0         0    0    0    0    0
       230        73        68        79        67    4         1         0         0         0         0         0    0    0    0    0
       231        73        66        67        80    4         1         0         0         0         0         0    0    0    0    0
       232        73        79        68        71    4         1         0         0         0         0         0    0    0    0    0
       233        74        71        61        99    4         1         0         0         0         0         0    0    0    0    0
       234        71        90        61        99    4         1         0         0         0         0         0    0    0    0    0
       235        72        74        69       100    4         1         0         0         0         0         0    0    0    0    0
       236        70        74        72       100    4         1         0         0         0         0         0    0    0    0    0
       237        73        96        66        80    4         1         0         0         0         0         0    0    0    0    0
       238        73        96       109        71    4         1         0         0         0         0         0    0    0    0    0
       239        70        74       100       101    4         1         0         0         0         0         0    0    0    0    0
       240        75        76        74       102    4         1         0         0         0         0         0    0    0    0    0
       241        33        81        90        79    4         1         0         0         0         0         0    0    0    0    0
       242        81        33        90        78    4         1         0         0         0         0         0    0    0    0    0
       243        81        77        78        91    4         1         0         0         0         0         0    0    0    0    0
       244        34        97        80        66    4         1         0         0         0         0         0    0    0    0    0
       245        79        90        68        71    4         1         0         0         0         0         0    0    0    0    0
       246        80        79        67        73    4         1         0         0         0         0         0    0    0    0    0
       247        97        66        96        80    4         1         0         0         0         0         0    0    0    0    0
       248        81        83        77        91    4         1         0         0         0         0         0    0    0    0    0
       249        79        83        81       103    4         1         0         0         0         0         0    0    0    0    0
       250        82        83        80       104    4         1         0         0         0         0         0    0    0    0    0
       251        80        97        82       104    4         1         0         0         0         0         0    0    0    0    0
       252        80        83        79       104    4         1         0         0         0         0         0    0    0    0    0
       253        85        84        86        89    4         1         0         0         0         0         0    0    0    0    0
       254        41        63        86        64    4         1         0         0         0         0         0    0    0    0    0
       255        70        86        72        64    4         1         0         0         0         0         0    0    0    0    0
       256        86        87        65        70    4         1         0         0         0         0         0    0    0    0    0
       257        88        86        84       105    4         1         0         0         0         0         0    0    0    0    0
       258        88        87        86       106    4         1         0         0         0         0         0    0    0    0    0
       259        91        90        78        81    4         1         0         0         0         0         0    0    0    0    0
       260        63        62        89        72    4         1         0         0         0         0         0    0    0    0    0
       261        89        85        63        86    4         1         0         0         0         0         0    0    0    0    0
       262        93        89        62       100    4         1         0         0         0         0         0    0    0    0    0
       263        90        93        61        99    4         1         0         0         0         0         0    0    0    0    0
       264        95        90        91       103    4         1         0         0         0         0         0    0    0    0    0
       265        92        98        95       107    4         1         0         0         0         0         0    0    0    0    0
       266        95        98        93       108    4         1         0         0         0         0         0    0    0    0    0
       267        93        90        95        99    4         1         0         0         0         0         0    0    0    0    0
       268       100        98        93        89    4         1         0         0         0         0         0    0    0    0    0
       269        89        98        94       105    4         1         0         0         0         0         0    0    0    0    0
       270        62       100        61        93    4         1         0         0         0         0         0    0    0    0    0
       271        63        86        72        89    4         1         0         0         0         0         0    0    0    0    0
       272        86        70        65        64    4         1         0         0         0         0         0    0    0    0    0
       273        79        73        80       109    4         1         0         0         0         0         0    0    0    0    0
       274       100        61        74        69    4         1         0         0         0         0         0    0    0    0    0
       275       100        61        99        74    4         1         0         0         0         0         0    0    0    0    0
       276        71        99        74       109    4         1         0         0         0         0         0    0    0    0    0
       277        90        99        71        79    4         1         0         0         0         0         0    0    0    0    0
       278        62        72       100        89    4         1         0         0         0         0         0    0    0    0    0
       279        74        70        75       101    4         1         0         0         0         0         0    0    0    0    0
       280        70       100        72        86    4         1         0         0         0         0         0    0    0    0    0
       281        73       109        96        80    4         1         0         0         0         0         0    0    0    0    0
       282        74       102       101        75    4         1         0         0         0         0         0    0    0    0    0
       283        74       102        76       109    4         1         0         0         0         0         0    0    0    0    0
       284        76        71       109        96    4         1         0         0         0         0         0    0    0    0    0
       285        71        76       109        74    4         1         0         0         0         0         0    0    0    0    0
       286        81        90        79       103    4         1         0         0         0         0         0    0    0    0    0
       287        83        91        81       103    4         1         0         0         0         0         0    0    0    0    0
       288        83       103        79       104    4         1         0         0         0         0         0    0    0    0    0
       289        97       104        80       109    4         1         0         0         0         0         0    0    0    0    0
       290        80       104        79       109    4         1         0         0         0         0         0    0    0    0    0
       291       100        86        87       106    4         1         0         0         0         0         0    0    0    0    0
       292        89        84       105        94    4         1         0         0         0         0         0    0    0    0    0
       293        86       105        88       106    4         1         0         0         0         0         0    0    0    0    0
       294        90        81        91       103    4         1         0         0         0         0         0    0    0    0    0
       295        72        62       100        69    4         1         0         0         0         0         0    0    0    0    0
       296        98       100        93       108    4         1         0         0         0         0         0    0    0    0    0
       297        84        89       105        86    4         1         0         0         0         0         0    0    0    0    0
       298        90       103        95        99    4         1         0         0         0         0         0    0    0    0    0
       299        95       107        98       108    4         1         0         0         0         0         0    0    0    0    0
       300       105        92       107        98    4         1         0         0         0         0         0    0    0    0    0
       301        95       108        93        99    4         1         0         0         0         0         0    0    0    0    0
       302       105        92        98        94    4         1         0         0         0         0         0    0    0    0    0
       303        98       105        89       100    4         1         0         0         0         0         0    0    0    0    0
       304        72        89        86       100    4         1         0         0         0         0         0    0    0    0    0
       305       100       101        87        70    4         1         0         0         0         0         0    0    0    0    0
       306        73        79        71       109    4         1         0         0         0         0         0    0    0    0    0
       307        61       100        99        93    4         1         0         0         0         0         0    0    0    0    0
       308        74       109        99       102    4         1         0         0         0         0         0    0    0    0    0
       309        99       109        71        79    4         1         0         0         0         0         0    0    0    0    0
       310        99        79        90       103    4         1         0         0         0         0         0    0    0    0    0
       311       101       100        87       106    4         1         0         0         0         0         0    0    0    0    0
       312        74       101       102       100    4         1         0         0         0         0         0    0    0    0    0
       313       100        87        86        70    4         1         0         0         0         0         0    0    0    0    0
       314        80       109        96        97    4         1         0         0         0         0         0    0    0    0    0
       315       100       102        74        99    4         1         0         0         0         0         0    0    0    0    0
       316       109        79       103       104    4         1         0         0         0         0         0    0    0    0    0
       317        79       109       103        99    4         1         0         0         0         0         0    0    0    0    0
       318       100       105        86       106    4         1         0         0         0         0         0    0    0    0    0
       319        93       108       100        99    4         1         0         0         0         0         0    0    0    0    0
       320        95        99       103       108    4         1         0         0         0         0         0    0    0    0    0
       321        98       108       107       105    4         1         0         0         0         0         0    0    0    0    0
       322       107       108        95       103    4         1         0         0         0         0         0    0    0    0    0
       323       105       100       108       106    4         1         0         0         0         0         0    0    0    0    0
       324       105       100        86        89    4         1         0         0         0         0         0    0    0    0    0
       325        99       102       109       110    4         1         0         0         0         0         0    0    0    0    0
       326       100       106       101       102    4         1         0         0         0         0         0    0    0    0    0
       327       102        99       100       108    4         1         0         0         0         0         0    0    0    0    0
       328       109       110       103        99    4         1         0         0         0         0         0    0    0    0    0
       329       109       103       110       104    4         1         0         0         0         0         0    0    0    0    0
       330       103       108        99       110    4         1         0         0         0         0         0    0    0    0    0
       331       100       105       108        98    4         1         0         0         0         0         0    0    0    0    0
       332       108       103       107       110    4         1         0         0         0         0         0    0    0    0    0
       333       108       106       100       102    4         1         0         0         0         0         0    0    0    0    0
       334       102       110        99       108    4         1         0         0         0         0         0    0    0    0    0
       335       110       102       106       108    4         1         0         0         0         0         0    0    0    0    0
