28 3 54

10000 1e-05 1e-15

2 1 1

4 4 4 4 4 4 4 4 4 4 4 4 4 4 4 4 4 4 4 4 4 4 4 4 4 4 4 4 4 4 4 4 4 4 4 4 4 4 4 4 4 4 4 4 4 4 4 4 4 4 4 4 4 4 

   1    1    0	 -5.00000000e-01   6.12303200e-19  -2.99833300e-01 	1    6 0
  -1    5    1	 -5.00000000e-01  -5.00000000e-01  -5.00000000e-01 	1   17 0
   3    3    2	 -2.48960400e-01   1.59835400e-17   1.47845700e-01 	2    9 0
   4    3    3	 -2.48960400e-01   1.59835400e-17  -1.47845700e-01 	2    9 0
   5    5    4	 -5.00000000e-01  -2.59247900e-01   1.50633700e-01 	2   10 0
  53    4    5	 -5.00000000e-01  -2.59247900e-01  -1.50633700e-01 	2   10 0
   9    2    6	 -5.00000000e-01  -5.00000000e-01   1.11022300e-16 	2   19 0
  52    0    7	 -5.00000000e-01  -5.00000000e-01  -2.50000000e-01 	2   19 0
  12    2    8	 -5.00000000e-01   2.50000000e-01  -5.00000000e-01 	2   23 0
  11    0    9	 -5.00000000e-01   0.00000000e+00  -5.00000000e-01 	2   23 0
  51    4   10	 -5.00000000e-01  -2.50000000e-01  -5.00000000e-01 	2   23 0
  15    5   11	 -2.50000000e-01  -5.00000000e-01  -5.00000000e-01 	2   27 0
  16    7   12	 -5.00000000e-01   1.02050500e-19   0.00000000e+00 	5    1 0
  28    4   13	 -6.44934300e-02  -5.00000000e-01  -2.77136600e-01 	5    7 0
  55    1   14	 -2.59251500e-01  -5.00000000e-01  -1.42494500e-01 	5    7 0
  20    1   15	 -2.61397700e-01  -5.00000000e-01   1.53194900e-01 	5    7 0
  21    0   16	  2.04323400e-02  -5.00000000e-01   1.95983200e-02 	5    7 0
  22    7   17	 -2.94180800e-01   8.03608200e-02  -5.00000000e-01 	5    8 0
  58    5   18	 -2.96374700e-01  -9.23182600e-02  -5.00000000e-01 	5    8 0
  29    4   19	 -1.67041900e-01  -2.75192800e-01  -5.00000000e-01 	5    8 0
  26    7   20	 -2.07327800e-02  -1.83814500e-02  -5.00000000e-01 	5    8 0
  31    5   21	 -2.93180400e-01  -2.07338500e-01  -9.03310200e-10 	6    1 0
  -1    5   22	 -2.71849200e-01  -2.20773100e-01  -3.19839200e-01 	4    3 0
  43    5   23	  9.19150300e-03  -3.32242400e-01  -3.19078400e-01 	4    3 0
  -1    5   24	 -1.27455000e-01  -3.01551500e-01  -9.07401400e-02 	4    3 0
  44    6   25	 -7.08885300e-02  -2.96143400e-01   1.74280200e-01 	4    3 0
  46    4   26	  6.06290400e-03  -1.25652100e-01   4.55613100e-02 	4    3 0
  50    1   27	  2.63036100e-02  -1.03016600e-01  -1.66994500e-01 	4    3 0

1
   1  1 1 1 

9
0 0 0 0 0 0 0 0 0 

     0	    4     5    12    21 	4    1 1	1 1 0 0 5 6 0 0 
     1	    5     0    12     3 	4    1 1	1 1 0 0 5 6 0 0 
     2	    2     3    21    12 	4    1 1	1 0 0 0 6 0 0 0 
     3	    5    21     3    12 	4    1 1	1 0 0 0 6 0 0 0 
     4	    6     7     5    14 	4    3 0	6 7 0 0 5 5 0 0 
     5	    7     1    10    11 	4    3 0	6 7 8 0 5 5 5 0 
     6	   22    10     9    18 	4    3 0	0 0 8 0 0 0 5 0 
     7	    9     8     0    17 	4    3 0	6 8 0 0 5 5 0 0 
     8	    0     5    10    22 	4    3 0	6 0 0 0 5 0 0 0 
     9	    5     4     6    21 	4    3 0	6 1 0 0 5 6 0 0 
    10	    5     7    10    22 	4    3 0	6 0 0 0 5 0 0 0 
    11	   13    11    14    22 	4    3 0	7 0 0 0 5 0 0 0 
    12	   11     7    14    22 	4    3 0	7 0 0 0 5 0 0 0 
    13	   14     6    15    21 	4    3 0	7 0 0 0 5 0 0 0 
    14	   13    14    16    24 	4    3 0	7 0 0 0 5 0 0 0 
    15	   14    15    16    24 	4    3 0	7 0 0 0 5 0 0 0 
    16	   22    17     9     0 	4    3 0	0 0 0 0 0 0 0 0 
    17	   18    10    19    22 	4    3 0	8 0 0 0 5 0 0 0 
    18	   10    11    19    22 	4    3 0	8 0 0 0 5 0 0 0 
    19	   22    17    20    18 	4    3 0	0 0 8 0 0 0 5 0 
    20	   18    19    20    22 	4    3 0	8 0 0 0 5 0 0 0 
    21	    5     0     3    22 	4    3 0	1 0 0 0 6 0 0 0 
    22	    3     2    21    26 	4    3 0	1 0 0 0 6 0 0 0 
    23	   21     5     3    22 	4    3 0	1 0 0 0 6 0 0 0 
    24	    5    14     7    22 	4    3 0	0 0 0 0 0 0 0 0 
    25	    6    14     5    21 	4    3 0	0 0 0 0 0 0 0 0 
    26	    7    11    10    22 	4    3 0	0 0 0 0 0 0 0 0 
    27	   22     9    10     0 	4    3 0	0 0 6 0 0 0 5 0 
    28	   13    19    11    22 	4    3 0	0 0 0 0 0 0 0 0 
    29	   13    22    14    24 	4    3 0	0 0 0 0 0 0 0 0 
    30	   14    21    15    24 	4    3 0	0 0 0 0 0 0 0 0 
    31	   16    23    13    24 	4    3 0	0 0 0 0 0 0 0 0 
    32	   15    25    16    24 	4    3 0	0 0 0 0 0 0 0 0 
    33	   17    22     9    18 	4    3 0	0 0 0 8 0 0 0 5 
    34	    3    17    20    22 	4    3 0	0 0 0 0 0 0 0 0 
    35	   20    22    19    23 	4    3 0	0 0 0 0 0 0 0 0 
    36	    3    22     0    17 	4    3 0	0 0 0 0 0 0 0 0 
    37	   21    26     2    25 	4    3 0	0 0 0 0 0 0 0 0 
    38	    3    26    21    24 	4    3 0	0 0 0 0 0 0 0 0 
    39	   21    22     3    24 	4    3 0	0 0 0 0 0 0 0 0 
    40	    5    22    21    14 	4    3 0	0 0 0 0 0 0 0 0 
    41	   22    13    23    24 	4    3 0	0 0 0 0 0 0 0 0 
    42	   14    24    22    21 	4    3 0	0 0 0 0 0 0 0 0 
    43	   15    24    21    25 	4    3 0	0 0 0 0 0 0 0 0 
    44	   23    24    16    27 	4    3 0	0 0 0 0 0 0 0 0 
    45	   16    24    25    26 	4    3 0	0 0 0 0 0 0 0 0 
    46	   13    22    23    19 	4    3 0	0 0 0 0 0 0 0 0 
    47	   22    23    20    27 	4    3 0	0 0 0 0 0 0 0 0 
    48	   26    25    21    24 	4    3 0	0 0 0 0 0 0 0 0 
    49	   26    24     3    27 	4    3 0	0 0 0 0 0 0 0 0 
    50	    3    24    22    27 	4    3 0	0 0 0 0 0 0 0 0 
    51	   27    16    26    24 	4    3 0	0 0 0 0 0 0 0 0 
    52	   24    27    23    22 	4    3 0	0 0 0 0 0 0 0 0 
    53	    3    20    27    22 	4    3 0	0 0 0 0 0 0 0 0 

     0 0 0 0 0
     1 0 0 0 0
     2 0 0 0 0
     3 0 0 0 0
     4 1 1 0 0
     5 1 1 0 0
     6 1 1 0 0
     7 1 1 0 0
     8 1 1 0 0
     9 1 1 0 0
    10 1 1 0 0
    11 1 1 0 0
    12 1 1 0 0
    13 1 1 0 0
    14 1 1 0 0
    15 1 1 0 0
    16 1 1 0 0
    17 1 1 0 0
    18 1 1 0 0
    19 1 1 0 0
    20 1 1 0 0
    21 1 1 0 0
    22 1 1 0 0
    23 1 1 0 0
    24 1 1 0 0
    25 1 1 0 0
    26 1 1 0 0
    27 1 1 0 0
    28 1 1 0 0
    29 1 1 0 0
    30 1 1 0 0
    31 1 1 0 0
    32 1 1 0 0
    33 1 1 0 0
    34 1 1 0 0
    35 1 1 0 0
    36 1 1 0 0
    37 1 1 0 0
    38 1 1 0 0
    39 1 1 0 0
    40 1 1 0 0
    41 1 1 0 0
    42 1 1 0 0
    43 1 1 0 0
    44 1 1 0 0
    45 1 1 0 0
    46 1 1 0 0
    47 1 1 0 0
    48 1 1 0 0
    49 1 1 0 0
    50 1 1 0 0
    51 1 1 0 0
    52 1 1 0 0
    53 1 1 0 0


  1.50000000e+04   3.00000000e+03   0.00000000e+00   6.00000000e+03   0.00000000e+00   0.00000000e+00   2.50000000e-01   0.00000000e+00   0.00000000e+00   1.00000000e+00   1.00000000e+00   1.00000000e+00   1.00000000e+07 	2 3 
  1.50000000e+03   3.00000000e+02   0.00000000e+00   6.00000000e+02   0.00000000e+00   0.00000000e+00   2.50000000e-01   0.00000000e+00   0.00000000e+00   1.00000000e+00   1.00000000e+00   1.00000000e+00   1.00000000e+07 	2 3 

1 
1 0 0 	0 1 0 	0 0 1 

0 0.5 0.5

0

0

0
