29 3 54

10000 1e-05 1e-15

2 1 1

4 4 4 4 4 4 4 4 4 4 4 4 4 4 4 4 4 4 4 4 4 4 4 4 4 4 4 4 4 4 4 4 4 4 4 4 4 4 4 4 4 4 4 4 4 4 4 4 4 4 4 4 4 4 

   0    3    0	 -5.00000000e-01   6.12303200e-19   2.99833300e-01 	1    5 0
  -1    7    1	 -5.00000000e-01  -5.00000000e-01   5.00000000e-01 	1   16 0
   3    3    2	 -2.48960400e-01   1.59835400e-17   1.47845700e-01 	2    9 0
   5    5    3	 -5.00000000e-01  -2.59247900e-01   1.50633700e-01 	2   10 0
  10    6    4	 -5.00000000e-01  -5.00000000e-01   2.50000000e-01 	2   19 0
   9    2    5	 -5.00000000e-01  -5.00000000e-01   1.11022300e-16 	2   19 0
  12    2    6	 -5.00000000e-01   2.50000000e-01   5.00000000e-01 	2   22 0
  11    0    7	 -5.00000000e-01   0.00000000e+00   5.00000000e-01 	2   22 0
  51    4    8	 -5.00000000e-01  -2.50000000e-01   5.00000000e-01 	2   22 0
  14    6    9	  2.50000000e-01  -5.00000000e-01   5.00000000e-01 	2   26 0
  13    2   10	  1.11022300e-16  -5.00000000e-01   5.00000000e-01 	2   26 0
  15    5   11	 -2.50000000e-01  -5.00000000e-01   5.00000000e-01 	2   26 0
  16    7   12	 -5.00000000e-01   1.02050500e-19   0.00000000e+00 	5    1 0
  22    7   13	 -2.94180800e-01   8.03608200e-02   5.00000000e-01 	5    5 0
  58    5   14	 -2.96374700e-01  -9.23182600e-02   5.00000000e-01 	5    5 0
  29    4   15	 -1.67041900e-01  -2.75192800e-01   5.00000000e-01 	5    5 0
  25    6   16	  6.48099900e-02  -2.91616400e-01   5.00000000e-01 	5    5 0
  26    7   17	 -2.07327800e-02  -1.83814500e-02   5.00000000e-01 	5    5 0
  56    3   18	 -7.95161700e-02  -5.00000000e-01   2.93679800e-01 	5    7 0
  19    3   19	  9.33845500e-02  -5.00000000e-01   2.95606000e-01 	5    7 0
  20    1   20	 -2.61397700e-01  -5.00000000e-01   1.53194900e-01 	5    7 0
  21    0   21	  2.04323400e-02  -5.00000000e-01   1.95983200e-02 	5    7 0
  31    5   22	 -2.93180400e-01  -2.07338500e-01  -9.03310200e-10 	6    1 0
  -1    7   23	 -2.44556600e-01  -2.32114000e-01   3.11349300e-01 	4    3 0
  -1    7   24	 -2.08428400e-02  -3.02929200e-01   3.58142500e-01 	4    3 0
  40    7   25	  2.11792400e-01  -2.88856000e-01   2.69087300e-01 	4    3 0
  41    7   26	 -1.59908300e-01   6.46278300e-02   3.29018700e-01 	4    3 0
  42    2   27	  7.77946600e-02  -7.51893500e-02   2.81700000e-01 	4    3 0
  44    6   28	 -7.08885300e-02  -2.96143400e-01   1.74280200e-01 	4    3 0

1
   1  1 1 1 

9
0 0 0 0 0 0 0 0 0 

     0	    0     3    12     2 	4    1 1	1 1 0 0 5 6 0 0 
     1	    3     2    22    12 	4    1 1	1 0 0 0 6 0 0 0 
     2	    7     6    13     0 	4    3 0	5 6 0 0 5 5 0 0 
     3	    8     7    14     0 	4    3 0	5 6 0 0 5 5 0 0 
     4	    1     8    11     4 	4    3 0	5 6 0 7 5 5 0 5 
     5	   10    11    15    18 	4    3 0	5 7 0 0 5 5 0 0 
     6	    9    10    16    19 	4    3 0	5 7 0 0 5 5 0 0 
     7	    7    13    14     0 	4    3 0	5 0 0 0 5 0 0 0 
     8	    8    14    15    23 	4    3 0	5 0 0 0 5 0 0 0 
     9	   11     8    15    23 	4    3 0	5 0 0 0 5 0 0 0 
    10	   10    15    16    24 	4    3 0	5 0 0 0 5 0 0 0 
    11	   14    13    17    26 	4    3 0	5 0 0 0 5 0 0 0 
    12	   15    14    17    23 	4    3 0	5 0 0 0 5 0 0 0 
    13	   16    15    17    24 	4    3 0	5 0 0 0 5 0 0 0 
    14	    4     5     3    20 	4    3 0	6 7 0 0 5 5 0 0 
    15	    3     0     8    23 	4    3 0	6 0 0 0 5 0 0 0 
    16	    8     4     3    23 	4    3 0	6 0 0 0 5 0 0 0 
    17	    4    11    20    23 	4    3 0	7 0 0 0 5 0 0 0 
    18	   11    18    20    23 	4    3 0	7 0 0 0 5 0 0 0 
    19	   18    10    19    24 	4    3 0	7 0 0 0 5 0 0 0 
    20	   20    18    21    28 	4    3 0	7 0 0 0 5 0 0 0 
    21	   28    18    21    19 	4    3 0	0 0 7 0 0 0 5 0 
    22	    0     3     2    23 	4    3 0	1 0 0 0 6 0 0 0 
    23	    2     3    22    23 	4    3 0	1 0 0 0 6 0 0 0 
    24	    8     0    14    23 	4    3 0	0 0 0 0 0 0 0 0 
    25	   11     4     8    23 	4    3 0	0 0 0 0 0 0 0 0 
    26	   15    18    11    23 	4    3 0	0 0 0 0 0 0 0 0 
    27	   10    18    15    24 	4    3 0	0 0 0 0 0 0 0 0 
    28	   16    19    10    24 	4    3 0	0 0 0 0 0 0 0 0 
    29	   23    26     0    14 	4    3 0	0 0 0 0 0 0 0 0 
    30	   14    26    17    23 	4    3 0	0 0 0 0 0 0 0 0 
    31	   27    23    24    17 	4    3 0	0 0 0 0 0 0 0 0 
    32	   23    24    17    15 	4    3 0	0 0 0 0 0 0 0 0 
    33	   16    24    17    27 	4    3 0	0 0 0 0 0 0 0 0 
    34	    3    20     5    22 	4    3 0	0 0 0 0 0 0 0 0 
    35	    4    20     3    23 	4    3 0	0 0 0 0 0 0 0 0 
    36	   18    28    24    19 	4    3 0	0 0 0 0 0 0 0 0 
    37	   23    18    28    24 	4    3 0	0 0 0 0 0 0 0 0 
    38	   28    19    25    24 	4    3 0	0 0 0 0 0 0 0 0 
    39	   26    23     0     2 	4    3 0	0 0 0 0 0 0 0 0 
    40	   22    23     3    20 	4    3 0	0 0 0 0 0 0 0 0 
    41	    2    23    22    28 	4    3 0	0 0 0 0 0 0 0 0 
    42	   18    23    15    24 	4    3 0	0 0 0 0 0 0 0 0 
    43	   19    24    16    25 	4    3 0	0 0 0 0 0 0 0 0 
    44	   14    26     0    13 	4    3 0	0 0 0 0 0 0 0 0 
    45	   27    23    17    26 	4    3 0	0 0 0 0 0 0 0 0 
    46	   23    27    24    28 	4    3 0	0 0 0 0 0 0 0 0 
    47	   24    27    16    25 	4    3 0	0 0 0 0 0 0 0 0 
    48	   18    23    28    20 	4    3 0	0 0 0 0 0 0 0 0 
    49	   28    25    19    21 	4    3 0	0 0 0 0 0 0 0 0 
    50	   23    20    22    28 	4    3 0	0 0 0 0 0 0 0 0 
    51	   27     2    28    23 	4    3 0	0 0 0 0 0 0 0 0 
    52	   28    27    24    25 	4    3 0	0 0 0 0 0 0 0 0 
    53	    2    27    26    23 	4    3 0	0 0 0 0 0 0 0 0 

     0 0 0 0 0
     1 0 0 0 0
     2 1 1 0 0
     3 1 1 0 0
     4 1 1 0 0
     5 1 1 0 0
     6 1 1 0 0
     7 1 1 0 0
     8 1 1 0 0
     9 1 1 0 0
    10 1 1 0 0
    11 1 1 0 0
    12 1 1 0 0
    13 1 1 0 0
    14 1 1 0 0
    15 1 1 0 0
    16 1 1 0 0
    17 1 1 0 0
    18 1 1 0 0
    19 1 1 0 0
    20 1 1 0 0
    21 1 1 0 0
    22 1 1 0 0
    23 1 1 0 0
    24 1 1 0 0
    25 1 1 0 0
    26 1 1 0 0
    27 1 1 0 0
    28 1 1 0 0
    29 1 1 0 0
    30 1 1 0 0
    31 1 1 0 0
    32 1 1 0 0
    33 1 1 0 0
    34 1 1 0 0
    35 1 1 0 0
    36 1 1 0 0
    37 1 1 0 0
    38 1 1 0 0
    39 1 1 0 0
    40 1 1 0 0
    41 1 1 0 0
    42 1 1 0 0
    43 1 1 0 0
    44 1 1 0 0
    45 1 1 0 0
    46 1 1 0 0
    47 1 1 0 0
    48 1 1 0 0
    49 1 1 0 0
    50 1 1 0 0
    51 1 1 0 0
    52 1 1 0 0
    53 1 1 0 0


  1.50000000e+04   3.00000000e+03   0.00000000e+00   6.00000000e+03   0.00000000e+00   0.00000000e+00   2.50000000e-01   0.00000000e+00   0.00000000e+00   1.00000000e+00   1.00000000e+00   1.00000000e+00   1.00000000e+07 	2 3 
  1.50000000e+03   3.00000000e+02   0.00000000e+00   6.00000000e+02   0.00000000e+00   0.00000000e+00   2.50000000e-01   0.00000000e+00   0.00000000e+00   1.00000000e+00   1.00000000e+00   1.00000000e+00   1.00000000e+07 	2 3 

1 
1 0 0 	0 1 0 	0 0 1 

0 0.5 0.5

0

0

0
