29 3 53

10000 1e-05 1e-15

2 1 1

4 4 4 4 4 4 4 4 4 4 4 4 4 4 4 4 4 4 4 4 4 4 4 4 4 4 4 4 4 4 4 4 4 4 4 4 4 4 4 4 4 4 4 4 4 4 4 4 4 4 4 4 4 

   0    3    0	  5.00000000e-01   6.12303200e-19   2.99833300e-01 	1    7 0
  -1    2    1	  5.00000000e-01   5.00000000e-01   5.00000000e-01 	1   10 0
   3    3    2	 -2.48960400e-01   1.59835400e-17   1.47845700e-01 	2    9 0
  54    2    3	  5.00000000e-01   2.59247900e-01   1.50633700e-01 	2   13 0
   6    3    4	  5.00000000e-01   2.59247900e-01  -1.50633700e-01 	2   13 0
   7    2    5	  2.81433500e-01  -1.27705900e-17   2.15638600e-01 	2   14 0
  10    6    6	  5.00000000e-01   5.00000000e-01   2.50000000e-01 	2   16 0
   9    2    7	  5.00000000e-01   5.00000000e-01   1.11022300e-16 	2   16 0
  12    2    8	  5.00000000e-01   2.50000000e-01   5.00000000e-01 	2   20 0
  14    6    9	  2.50000000e-01   5.00000000e-01   5.00000000e-01 	2   24 0
  13    2   10	  1.11022300e-16   5.00000000e-01   5.00000000e-01 	2   24 0
  16    7   11	  5.00000000e-01   0.00000000e+00   2.77555800e-17 	5    2 0
  27    6   12	  2.76065200e-01   5.00000000e-01   1.66638300e-01 	5    4 0
  17    0   13	  2.92574600e-01   5.00000000e-01  -6.53746500e-02 	5    4 0
  19    3   14	  9.33845500e-02   5.00000000e-01   2.95606000e-01 	5    4 0
  21    0   15	  2.04323400e-02   5.00000000e-01   1.95983200e-02 	5    4 0
  23    2   16	  1.42015900e-01   2.59974700e-01   5.00000000e-01 	5    5 0
  24    2   17	 -1.53796600e-01   2.62503800e-01   5.00000000e-01 	5    5 0
  26    7   18	 -2.07327800e-02  -1.83814500e-02   5.00000000e-01 	5    5 0
  32    0   19	  2.71362100e-01   2.02865500e-01   3.22966100e-02 	6    3 0
  34    2   20	  2.47819200e-01   2.21303600e-01   2.99998100e-01 	4    3 0
  36    2   21	  6.39035500e-04   2.40115700e-01   3.24629600e-01 	4    3 0
  37    0   22	  9.00759500e-02   2.86875600e-01  -7.35445600e-02 	4    3 0
  39    3   23	 -8.00844800e-02   2.81500800e-01   1.35407700e-01 	4    3 0
  -1    2   24	  1.26435500e-01   3.35368500e-01   1.27386900e-01 	4    3 0
  41    7   25	 -1.59908300e-01   6.46278300e-02   3.29018700e-01 	4    3 0
  42    2   26	  7.77946600e-02  -7.51893500e-02   2.81700000e-01 	4    3 0
  47    2   27	 -6.06080500e-02   1.03781000e-01  -3.66721300e-02 	4    3 0
  49    0   28	  5.35525300e-02   1.24211700e-01   1.39104300e-01 	4    3 0

1
   1  1 1 1 

9
0 0 0 0 0 0 0 0 0 

     0	    3     4    11    19 	4    2 1	2 3 0 0 5 6 0 0 
     1	    0     3    11     5 	4    2 1	2 3 0 0 5 6 0 0 
     2	    5    19     3    11 	4    2 1	3 0 0 0 6 0 0 0 
     3	    3     0     8    20 	4    3 0	3 0 0 0 5 0 0 0 
     4	    4     3     7    19 	4    3 0	3 3 0 0 5 6 0 0 
     5	    8     1     6     9 	4    3 0	3 5 4 0 5 5 5 0 
     6	    6     7     3    12 	4    3 0	3 4 0 0 5 5 0 0 
     7	    3     8     6    20 	4    3 0	3 0 0 0 5 0 0 0 
     8	    9    10    14    16 	4    3 0	4 5 0 0 5 5 0 0 
     9	    6     9    12    20 	4    3 0	4 0 0 0 5 0 0 0 
    10	    7    12    13    19 	4    3 0	4 0 0 0 5 0 0 0 
    11	    9    14    12    20 	4    3 0	4 0 0 0 5 0 0 0 
    12	   24    13    12    19 	4    3 0	0 0 0 0 0 0 0 0 
    13	   12    14    15    24 	4    3 0	4 0 0 0 5 0 0 0 
    14	    9     8    16    20 	4    3 0	5 0 0 0 5 0 0 0 
    15	   10    16    17    21 	4    3 0	5 0 0 0 5 0 0 0 
    16	   17    16    18    21 	4    3 0	5 0 0 0 5 0 0 0 
    17	    5     0     3    20 	4    3 0	3 0 0 0 6 0 0 0 
    18	   19     5     3    20 	4    3 0	3 0 0 0 6 0 0 0 
    19	    7    19     3    12 	4    3 0	0 0 0 0 0 0 0 0 
    20	    4    19     7    13 	4    3 0	0 0 0 0 0 0 0 0 
    21	    8     9     6    20 	4    3 0	0 0 0 0 0 0 0 0 
    22	    6    12     3    20 	4    3 0	0 0 0 0 0 0 0 0 
    23	   14    16    10    21 	4    3 0	0 0 0 0 0 0 0 0 
    24	    9    16    14    20 	4    3 0	0 0 0 0 0 0 0 0 
    25	   12    20    14    24 	4    3 0	0 0 0 0 0 0 0 0 
    26	   24    12    13    15 	4    3 0	0 0 4 0 0 0 5 0 
    27	   24    22    15    13 	4    3 0	0 0 0 0 0 0 0 0 
    28	   14    23    15    24 	4    3 0	0 0 0 0 0 0 0 0 
    29	   18    21    16    20 	4    3 0	0 0 0 0 0 0 0 0 
    30	   28    19    20     5 	4    3 0	0 0 0 0 0 0 0 0 
    31	   20    19    12     3 	4    3 0	0 0 0 0 0 0 0 0 
    32	   19    20    12    24 	4    3 0	0 0 0 0 0 0 0 0 
    33	   16    21    14    20 	4    3 0	0 0 0 0 0 0 0 0 
    34	   21    23    14    24 	4    3 0	0 0 0 0 0 0 0 0 
    35	   14    24    20    21 	4    3 0	0 0 0 0 0 0 0 0 
    36	   22    24    19    13 	4    3 0	0 0 0 0 0 0 0 0 
    37	   15    24    23    22 	4    3 0	0 0 0 0 0 0 0 0 
    38	   26    25    21    28 	4    3 0	0 0 0 0 0 0 0 0 
    39	   26    20    21    18 	4    3 0	0 0 0 0 0 0 0 0 
    40	   26    21    20    28 	4    3 0	0 0 0 0 0 0 0 0 
    41	   19    28    20    24 	4    3 0	0 0 0 0 0 0 0 0 
    42	   28    26     5    20 	4    3 0	0 0 0 0 0 0 0 0 
    43	   22    24    28    19 	4    3 0	0 0 0 0 0 0 0 0 
    44	   23    24    21    28 	4    3 0	0 0 0 0 0 0 0 0 
    45	   20    21    24    28 	4    3 0	0 0 0 0 0 0 0 0 
    46	   28    22    23    24 	4    3 0	0 0 0 0 0 0 0 0 
    47	   25    26    21    18 	4    3 0	0 0 0 0 0 0 0 0 
    48	   21    28    25    23 	4    3 0	0 0 0 0 0 0 0 0 
    49	   23     2    28    25 	4    3 0	0 0 0 0 0 0 0 0 
    50	    2    23    28    27 	4    3 0	0 0 0 0 0 0 0 0 
    51	   22    28    23    27 	4    3 0	0 0 0 0 0 0 0 0 
    52	    2    26    28    25 	4    3 0	0 0 0 0 0 0 0 0 

     0 0 0 0 0
     1 0 0 0 0
     2 0 0 0 0
     3 1 1 0 0
     4 1 1 0 0
     5 1 1 0 0
     6 1 1 0 0
     7 1 1 0 0
     8 1 1 0 0
     9 1 1 0 0
    10 1 1 0 0
    11 1 1 0 0
    12 1 1 0 0
    13 1 1 0 0
    14 1 1 0 0
    15 1 1 0 0
    16 1 1 0 0
    17 1 1 0 0
    18 1 1 0 0
    19 1 1 0 0
    20 1 1 0 0
    21 1 1 0 0
    22 1 1 0 0
    23 1 1 0 0
    24 1 1 0 0
    25 1 1 0 0
    26 1 1 0 0
    27 1 1 0 0
    28 1 1 0 0
    29 1 1 0 0
    30 1 1 0 0
    31 1 1 0 0
    32 1 1 0 0
    33 1 1 0 0
    34 1 1 0 0
    35 1 1 0 0
    36 1 1 0 0
    37 1 1 0 0
    38 1 1 0 0
    39 1 1 0 0
    40 1 1 0 0
    41 1 1 0 0
    42 1 1 0 0
    43 1 1 0 0
    44 1 1 0 0
    45 1 1 0 0
    46 1 1 0 0
    47 1 1 0 0
    48 1 1 0 0
    49 1 1 0 0
    50 1 1 0 0
    51 1 1 0 0
    52 1 1 0 0


  1.50000000e+04   3.00000000e+03   0.00000000e+00   6.00000000e+03   0.00000000e+00   0.00000000e+00   2.50000000e-01   0.00000000e+00   0.00000000e+00   1.00000000e+00   1.00000000e+00   1.00000000e+00   1.00000000e+07 	2 3 
  1.50000000e+03   3.00000000e+02   0.00000000e+00   6.00000000e+02   0.00000000e+00   0.00000000e+00   2.50000000e-01   0.00000000e+00   0.00000000e+00   1.00000000e+00   1.00000000e+00   1.00000000e+00   1.00000000e+07 	2 3 

1 
1 0 0 	0 1 0 	0 0 1 

0 0.5 0.5

0

0

0
