         7         2         0         8         1
        42         0         0         0        12         0         0         0

         1         0    1   0.000000e+00   0.000000e+00   0.000000e+00    1         1         0
         2         1    1   1.000000e+00   0.000000e+00   0.000000e+00    1         2         0
         3         0    1   1.000000e+00   1.000000e+00   0.000000e+00    1         3         0
         4         2    2   0.000000e+00   1.000000e+00   0.000000e+00    1         4         0
         5         3    1   0.000000e+00   0.000000e+00   1.000000e+00    1         5         0
         6         4    2   1.000000e+00   1.000000e+00   1.000000e+00    1         7         0
         7         0    1   5.000000e-01   5.000000e-01   0.000000e+00    5         1         0
         8         5    1   0.000000e+00   5.000000e-01   5.000000e-01    5         3         0
         9         6    2   1.000000e+00   5.000000e-01   5.000000e-01    5         4         0
        10         7    1   5.000000e-01   0.000000e+00   5.000000e-01    5         5         0
        11         8    2   5.000000e-01   1.000000e+00   5.000000e-01    5         6         0
        12         0    1   5.000000e-01   0.000000e+00   0.000000e+00    2         1         0
        13         0    1   1.000000e+00   5.000000e-01   0.000000e+00    2         2         0
        14         0    1   5.000000e-01   1.000000e+00   0.000000e+00    2         3         0
        15         0    1   0.000000e+00   5.000000e-01   0.000000e+00    2         4         0
        16         0    1   0.000000e+00   0.000000e+00   5.000000e-01    2         9         0
        17         0    1   1.000000e+00   1.000000e+00   5.000000e-01    2        11         0
        18         0    1   2.500000e-01   2.500000e-01   0.000000e+00    5         1         0
        19         0    1   7.500000e-01   2.500000e-01   0.000000e+00    5         1         0
        20         0    1   7.500000e-01   7.500000e-01   0.000000e+00    5         1         0
        21         0    1   2.500000e-01   7.500000e-01   0.000000e+00    5         1         0
        22         9    1   0.000000e+00   7.500000e-01   2.500000e-01    5         3         0
        23        10    2   0.000000e+00   2.500000e-01   7.500000e-01    5         3         0
        24         0    1   0.000000e+00   2.500000e-01   2.500000e-01    5         3         0
        25         0    1   1.000000e+00   7.500000e-01   2.500000e-01    5         4         0
        26        11    1   1.000000e+00   7.500000e-01   7.500000e-01    5         4         0
        27        12    2   1.000000e+00   2.500000e-01   2.500000e-01    5         4         0
        28         0    1   2.500000e-01   0.000000e+00   2.500000e-01    5         5         0
        29        13    1   2.500000e-01   0.000000e+00   7.500000e-01    5         5         0
        30        14    2   7.500000e-01   0.000000e+00   2.500000e-01    5         5         0
        31        15    1   2.500000e-01   1.000000e+00   2.500000e-01    5         6         0
        32         0    1   7.500000e-01   1.000000e+00   2.500000e-01    5         6         0
        33        16    2   7.500000e-01   1.000000e+00   7.500000e-01    5         6         0
        34         0    1   5.000000e-01   2.500000e-01   2.500000e-01    4         1         0
        35         0    1   7.500000e-01   5.000000e-01   2.500000e-01    4         1         0
        36         0    1   5.000000e-01   7.500000e-01   2.500000e-01    4         1         0
        37         0    1   2.500000e-01   5.000000e-01   2.500000e-01    4         1         0
        38        17    1   2.500000e-01   7.500000e-01   5.000000e-01    4         1         0
        39        18    2   2.500000e-01   2.500000e-01   5.000000e-01    4         1         0
        40        19    1   7.500000e-01   7.500000e-01   5.000000e-01    4         1         0
        41        20    2   7.500000e-01   2.500000e-01   5.000000e-01    4         1         0
        42        21    1   5.000000e-01   5.000000e-01   5.000000e-01    4         1         0

         1         1         2         7        10        12        19        18        28        30        34    4         1         0         1         5         0         0    5    5    0    0
         2         2         3         7         9        13        20        19        27        25        35    4         1         0         1         4         0         0    5    5    0    0
         3         3         4         7        11        14        21        20        32        31        36    4         1         0         1         6         0         0    5    5    0    0
         4         4         1         7         8        15        18        21        22        24        37    4         1         0         1         3         0         0    5    5    0    0
         5         5         1         8        10        16        24        23        29        28        39    4         1         0         3         5         0         0    5    5    0    0
         6         6         3         9        11        17        25        26        33        32        40    4         1         0         4         6         0         0    5    5    0    0
         7         7        10         2         9        34        30        19        35        41        27    4         1         0         0         0         0         0    0    0    0    0
         8         1        10         7         8        28        34        18        24        39        37    4         1         0         0         0         0         0    0    0    0    0
         9         7         9         3        11        35        25        20        36        40        32    4         1         0         0         0         0         0    0    0    0    0
        10         7        11         4         8        36        31        21        37        38        22    4         1         0         0         0         0         0    0    0    0    0
        11        10         9         7        11        41        35        34        42        40        36    4         1         0         0         0         0         0    0    0    0    0
        12         7         8        10        11        37        39        34        36        38        42    4         1         0         0         0         0         0    0    0    0    0
