         7         1         0         8         1
        32         0         0         0        53         0         0         0

         1         4    1   5.000000e-01   6.123032e-19  -2.998333e-01    1         8         0
         2         5    5   1.900000e-01  -1.836909e-17   0.000000e+00    1         9         0
         3         0    1   5.000000e-01   5.000000e-01  -5.000000e-01    1        11         0
         4         6    4  -2.489604e-01   1.598354e-17   1.478457e-01    2         9         0
         5         7    4  -2.489604e-01   1.598354e-17  -1.478457e-01    2         9         0
         6        11    1   5.000000e-01   2.592479e-01  -1.506337e-01    2        13         0
         7        12    3   2.814335e-01  -1.277059e-17   2.156386e-01    2        14         0
         8        13    1   2.814335e-01  -1.277059e-17  -2.156386e-01    2        15         0
         9        14    3   5.000000e-01   5.000000e-01   1.110223e-16    2        16         0
        10         0    1   5.000000e-01   5.000000e-01  -2.500000e-01    2        16         0
        11         0    1   5.000000e-01   2.500000e-01  -5.000000e-01    2        21         0
        12        18    1   5.000000e-01   0.000000e+00  -5.000000e-01    2        21         0
        13         0    1   2.500000e-01   5.000000e-01  -5.000000e-01    2        25         0
        14        23    1   1.110223e-16   5.000000e-01  -5.000000e-01    2        25         0
        15        27    7   5.000000e-01   0.000000e+00   2.775558e-17    5         2         0
        16        28    1   2.925746e-01   5.000000e-01  -6.537465e-02    5         4         0
        17        29    2   1.664086e-01   5.000000e-01  -2.622566e-01    5         4         0
        18        32    1   2.043234e-02   5.000000e-01   1.959832e-02    5         4         0
        19        44    2   1.420159e-01   2.599747e-01  -5.000000e-01    5         8         0
        20        46    1   2.766249e-01   6.572579e-02  -5.000000e-01    5         8         0
        21        47    6  -2.073278e-02  -1.838145e-02  -5.000000e-01    5         8         0
        22         0    1   2.552416e-01   1.514871e-01  -1.092709e-01    6         3         0
        23        49    1   2.713621e-01   2.028655e-01   3.229661e-02    6         3         0
        24        52    2   2.607884e-01   2.496302e-01  -2.858736e-01    4         3         0
        25        54    1   9.007595e-02   2.868756e-01  -7.354456e-02    4         3         0
        26        55    4  -1.297610e-01   3.143310e-01  -1.095331e-01    4         3         0
        27        59    3   7.779466e-02  -7.518935e-02   2.817000e-01    4         3         0
        28        63    5   6.062904e-03  -1.256521e-01   4.556131e-02    4         3         0
        29        64    3  -6.060805e-02   1.037810e-01  -3.667213e-02    4         3         0
        30        65    1   6.712213e-02   1.287566e-01  -1.862222e-01    4         3         0
        31        66    1   5.355253e-02   1.242117e-01   1.391043e-01    4         3         0
        32        67    2   2.630361e-02  -1.030166e-01  -1.669945e-01    4         3         0

         1         6         1        15         8    4         2         1         2         3         0         0    5    6    0    0
         2         2         8        22        15    4         2         1         3         0         0         0    6    0    0    0
         3         7         2        23        15    4         2         1         3         0         0         0    6    0    0    0
         4         8         6        22        15    4         2         1         3         0         0         0    6    0    0    0
         5         2        22        23        15    4         2         1         3         0         0         0    6    0    0    0
         6         6        23        22        15    4         2         1         3         0         0         0    6    0    0    0
         7         1         6        11        24    4         3         0         3         0         0         0    5    0    0    0
         8        20         1        11        24    4         3         0         0         0         0         0    0    0    0    0
         9         3        11        10        13    4         3         0         3         8         0         4    5    5    0    5
        10         9        10         6        16    4         3         0         3         4         0         0    5    5    0    0
        11        11         6        10        24    4         3         0         3         0         0         0    5    0    0    0
        12        14        13        17        19    4         3         0         4         8         0         0    5    5    0    0
        13        24        10        16         6    4         3         0         0         0         0         0    0    0    0    0
        14        13        10        17        24    4         3         0         4         0         0         0    5    0    0    0
        15        17        16        18        25    4         3         0         4         0         0         0    5    0    0    0
        16         1        20        11        12    4         3         0         0         0         8         3    0    0    5    5
        17        11        13        19        24    4         3         0         8         0         0         0    5    0    0    0
        18        20        11        19        24    4         3         0         8         0         0         0    5    0    0    0
        19        20        19        21        24    4         3         0         8         0         0         0    5    0    0    0
        20         1         8         6        24    4         3         0         3         0         0         0    6    0    0    0
        21         8         2        22        30    4         3         0         3         0         0         0    6    0    0    0
        22         2         7        23        31    4         3         0         3         0         0         0    6    0    0    0
        23         6         8        22        24    4         3         0         3         0         0         0    6    0    0    0
        24        22         2        23        25    4         3         0         3         0         0         0    6    0    0    0
        25        16        22        23        25    4         3         0         0         0         0         0    0    0    0    0
        26        10        13        11        24    4         3         0         0         0         0         0    0    0    0    0
        27        17        19        13        24    4         3         0         0         0         0         0    0    0    0    0
        28        10        24        16        17    4         3         0         0         0         0         4    0    0    0    5
        29        16        25        17        24    4         3         0         0         0         0         0    0    0    0    0
        30         4        28         5        29    4         3         0         0         0         0         0    0    0    0    0
        31         8        24         1        20    4         3         0         0         0         0         0    0    0    0    0
        32        25         2        30        22    4         3         0         0         0         0         0    0    0    0    0
        33         8        30        22        24    4         3         0         0         0         0         0    0    0    0    0
        34         2        30         8        32    4         3         0         0         0         0         0    0    0    0    0
        35        25         2        23        31    4         3         0         0         0         0         0    0    0    0    0
        36         7        31         2        27    4         3         0         0         0         0         0    0    0    0    0
        37        16        24         6        22    4         3         0         0         0         0         0    0    0    0    0
        38         2        25        29        31    4         3         0         0         0         0         0    0    0    0    0
        39        16        23        22         6    4         3         0         0         0         3         0    0    0    6    0
        40        24        16        25        22    4         3         0         0         0         0         0    0    0    0    0
        41        24        21         8        30    4         3         0         0         0         0         0    0    0    0    0
        42        21        24         8        20    4         3         0         0         0         0         0    0    0    0    0
        43        28        29         4        31    4         3         0         0         0         0         0    0    0    0    0
        44        32        29         2        30    4         3         0         0         0         0         0    0    0    0    0
        45         2        25        30        29    4         3         0         0         0         0         0    0    0    0    0
        46        22        24        30        25    4         3         0         0         0         0         0    0    0    0    0
        47        29        32         2        28    4         3         0         0         0         0         0    0    0    0    0
        48        31        29         2        28    4         3         0         0         0         0         0    0    0    0    0
        49         2        27        31        28    4         3         0         0         0         0         0    0    0    0    0
        50         8        21        32        30    4         3         0         0         0         0         0    0    0    0    0
        51        29        32        28         5    4         3         0         0         0         0         0    0    0    0    0
        52        27         4        31        28    4         3         0         0         0         0         0    0    0    0    0
        53        29        25        30        26    4         3         0         0         0         0         0    0    0    0    0
