         7         1         0         8         1
        66         0         0         0       167         0         0         0

         1         0    1   0.000000e+00   0.000000e+00   0.000000e+00    1         1         0
         2         0    1   2.000000e-01   0.000000e+00   0.000000e+00    2         1         0
         3         1    1   4.000000e-01   0.000000e+00   0.000000e+00    2         1         0
         4         4    1   0.000000e+00   6.000000e-01   0.000000e+00    2         4         0
         5         0    1   0.000000e+00   4.000000e-01   0.000000e+00    2         4         0
         6         0    1   0.000000e+00   2.000000e-01   0.000000e+00    2         4         0
         7         0    1   0.000000e+00   0.000000e+00   2.000000e-01    2         9         0
         8         0    1   0.000000e+00   0.000000e+00   4.000000e-01    2         9         0
         9         9    5   0.000000e+00   0.000000e+00   6.000000e-01    2         9         0
        10         0    1   1.363843e-01   1.357763e-01   0.000000e+00    5         1         0
        11         0    1   3.024049e-01   1.602583e-01   0.000000e+00    5         1         0
        12        13    1   5.038690e-01   1.711048e-01   0.000000e+00    5         1         0
        13        16    1   1.302619e-01   4.995800e-01   0.000000e+00    5         1         0
        14         0    1   1.795168e-01   3.186231e-01   0.000000e+00    5         1         0
        15        17    1   3.942539e-01   3.361634e-01   0.000000e+00    5         1         0
        16        20    3   2.913708e-01   4.990986e-01   0.000000e+00    5         1         0
        17         0    1   0.000000e+00   1.364718e-01   1.358531e-01    5         3         0
        18         0    1   0.000000e+00   3.026116e-01   1.604369e-01    5         3         0
        19        33    3   0.000000e+00   5.041367e-01   1.713985e-01    5         3         0
        20        34    5   0.000000e+00   1.303947e-01   4.997221e-01    5         3         0
        21         0    1   0.000000e+00   1.797473e-01   3.188287e-01    5         3         0
        22        35    7   0.000000e+00   6.212953e-01   3.702338e-01    5         3         0
        23         0    1   0.000000e+00   3.948350e-01   3.365998e-01    5         3         0
        24        37    1   0.000000e+00   2.916656e-01   4.994466e-01    5         3         0
        25        38    7   0.000000e+00   4.657596e-01   4.994031e-01    5         3         0
        26         0    1   1.318171e-01   0.000000e+00   1.309763e-01    5         5         0
        27         0    1   1.643019e-01   0.000000e+00   2.937394e-01    5         5         0
        28         0    1   1.808503e-01   0.000000e+00   4.998997e-01    5         5         0
        29        48    5   1.642097e-01   0.000000e+00   7.060980e-01    5         5         0
        30        50    1   2.947837e-01   0.000000e+00   1.611421e-01    5         5         0
        31        52    2   3.787047e-01   0.000000e+00   3.702338e-01    5         5         0
        32        53    5   3.785829e-01   0.000000e+00   6.291518e-01    5         5         0
        33        54    5   6.052380e-01   0.000000e+00   6.624751e-01    5         5         0
        34        55    1   5.342404e-01   0.000000e+00   4.994031e-01    5         5         0
        35         0    1   2.070741e-01   8.704021e-02   1.305661e-01    4         1         0
        36        64    2   4.420862e-01   1.835911e-01   1.693019e-01    4         1         0
        37        67    1   1.449395e-01   5.850294e-01   1.669201e-01    4         1         0
        38         0    1   1.049371e-01   4.114239e-01   1.626234e-01    4         1         0
        39         0    1   1.470575e-01   2.244915e-01   1.550815e-01    4         1         0
        40        70    1   3.319100e-01   3.588482e-01   1.428977e-01    4         1         0
        41         0    1   2.051501e-01   4.305471e-01   1.671227e-01    4         1         0
        42        80    5   1.507058e-01   1.644858e-01   5.907958e-01    4         1         0
        43         0    1   1.564076e-01   1.039491e-01   4.220795e-01    4         1         0
        44         0    1   1.722290e-01   3.373104e-01   3.227929e-01    4         1         0
        45         0    1   1.530556e-01   4.877766e-01   3.245616e-01    4         1         0
        46         0    1   1.506262e-01   2.235773e-01   4.422009e-01    4         1         0
        47        83    3   1.539130e-01   5.427804e-01   5.067588e-01    4         1         0
        48        84    5   1.777257e-01   3.696802e-01   5.309962e-01    4         1         0
        49         0    1   2.798430e-01   1.757956e-01   3.035898e-01    4         1         0
        50        91    5   2.719450e-01   1.610356e-01   5.049464e-01    4         1         0
        51        92    1   5.211726e-01   1.792156e-01   6.620178e-01    4         1         0
        52        93    1   5.076968e-01   1.541545e-01   3.446251e-01    4         1         0
        53        94    1   6.450760e-01   1.309547e-01   5.554515e-01    4         1         0
        54        95    5   4.132557e-01   1.856823e-01   4.894841e-01    4         1         0
        55       101    2   2.910765e-01   5.545454e-01   2.122345e-01    4         1         0
        56       104    1   2.568329e-01   5.813263e-01   3.676459e-01    4         1         0
        57       106    1   5.563659e-01   2.074276e-01   4.786210e-01    4         1         0
        58       108    2   4.238037e-01   3.167868e-01   3.204941e-01    4         1         0
        59       111    4   5.314581e-01   4.952567e-01   3.155093e-01    4         1         0
        60       118    5   3.298885e-01   3.272578e-01   4.612479e-01    4         1         0
        61       119    1   3.084023e-01   4.992343e-01   4.722411e-01    4         1         0
        62       120    8   6.598728e-01   3.132180e-01   5.398631e-01    4         1         0
        63       123    5   4.669225e-01   3.391429e-01   5.775248e-01    4         1         0
        64       124    7   5.174251e-01   3.308731e-01   4.405831e-01    4         1         0
        65       127    1   3.517539e-01   4.623021e-01   3.128641e-01    4         1         0
        66       130    2   4.519755e-01   4.425727e-01   4.572080e-01    4         1         0

         1         1         2        10        26    4         1         0         1         5         0         0    5    5    0    0
         2         2         3        11        30    4         1         0         1         5         0         0    5    5    0    0
         3         4         5        13        19    4         1         0         1         3         0         0    5    5    0    0
         4         5         6        14        18    4         1         0         1         3         0         0    5    5    0    0
         5         6         1        10        17    4         1         0         1         3         0         0    5    5    0    0
         6        10         2        11        35    4         1         0         1         0         0         0    5    0    0    0
         7        11         3        12        36    4         1         0         1         0         0         0    5    0    0    0
         8        13         5        14        38    4         1         0         1         0         0         0    5    0    0    0
         9        14         6        10        39    4         1         0         1         0         0         0    5    0    0    0
        10        10        11        14        39    4         1         0         1         0         0         0    5    0    0    0
        11        11        12        15        36    4         1         0         1         0         0         0    5    0    0    0
        12        14        15        16        40    4         1         0         1         0         0         0    5    0    0    0
        13        14        11        15        40    4         1         0         1         0         0         0    5    0    0    0
        14        13        14        16        41    4         1         0         1         0         0         0    5    0    0    0
        15         9         8        20        28    4         1         0         3         5         0         0    5    5    0    0
        16         8         7        21        27    4         1         0         3         5         0         0    5    5    0    0
        17         7         1        17        26    4         1         0         3         5         0         0    5    5    0    0
        18        17         6        18        39    4         1         0         3         0         0         0    5    0    0    0
        19        18         5        19        38    4         1         0         3         0         0         0    5    0    0    0
        20        20         8        21        43    4         1         0         3         0         0         0    5    0    0    0
        21        21         7        17        27    4         1         0         3         0         0         0    5    0    0    0
        22        17        18        21        39    4         1         0         3         0         0         0    5    0    0    0
        23        18        19        23        38    4         1         0         3         0         0         0    5    0    0    0
        24        21        23        24        44    4         1         0         3         0         0         0    5    0    0    0
        25        21        18        23        44    4         1         0         3         0         0         0    5    0    0    0
        26        23        19        22        45    4         1         0         3         0         0         0    5    0    0    0
        27        20        21        24        46    4         1         0         3         0         0         0    5    0    0    0
        28        23        22        25        45    4         1         0         3         0         0         0    5    0    0    0
        29        24        23        25        44    4         1         0         3         0         0         0    5    0    0    0
        30        26         7        27        17    4         1         0         5         0         0         0    5    0    0    0
        31        27         8        28        43    4         1         0         5         0         0         0    5    0    0    0
        32        28         9        29        42    4         1         0         5         0         0         0    5    0    0    0
        33        30         2        26        35    4         1         0         5         0         0         0    5    0    0    0
        34        26        27        30        35    4         1         0         5         0         0         0    5    0    0    0
        35        27        28        31        43    4         1         0         5         0         0         0    5    0    0    0
        36        28        29        32        42    4         1         0         5         0         0         0    5    0    0    0
        37        30        27        31        49    4         1         0         5         0         0         0    5    0    0    0
        38        31        28        32        50    4         1         0         5         0         0         0    5    0    0    0
        39        31        32        34        54    4         1         0         5         0         0         0    5    0    0    0
        40        32        33        34        51    4         1         0         5         0         0         0    5    0    0    0
        41        10        26         2        35    4         1         0         0         0         0         0    0    0    0    0
        42         1        26        10        17    4         1         0         0         0         0         0    0    0    0    0
        43        11        30         3        36    4         1         0         0         0         0         0    0    0    0    0
        44         2        30        11        35    4         1         0         0         0         0         0    0    0    0    0
        45        13        19         5        38    4         1         0         0         0         0         0    0    0    0    0
        46        14        18         6        39    4         1         0         0         0         0         0    0    0    0    0
        47         5        18        14        38    4         1         0         0         0         0         0    0    0    0    0
        48         6        17        10        39    4         1         0         0         0         0         0    0    0    0    0
        49        10        35        11        39    4         1         0         0         0         0         0    0    0    0    0
        50        13        38        14        41    4         1         0         0         0         0         0    0    0    0    0
        51        14        39        11        40    4         1         0         0         0         0         0    0    0    0    0
        52        11        36        15        40    4         1         0         0         0         0         0    0    0    0    0
        53        16        37        13        41    4         1         0         0         0         0         0    0    0    0    0
        54        14        40        16        41    4         1         0         0         0         0         0    0    0    0    0
        55        20        28         8        43    4         1         0         0         0         0         0    0    0    0    0
        56         9        28        20        42    4         1         0         0         0         0         0    0    0    0    0
        57         8        27        21        43    4         1         0         0         0         0         0    0    0    0    0
        58        20        43        21        46    4         1         0         0         0         0         0    0    0    0    0
        59        21        27        17        39    4         1         0         0         0         0         0    0    0    0    0
        60        21        39        18        44    4         1         0         0         0         0         0    0    0    0    0
        61        23        38        19        45    4         1         0         0         0         0         0    0    0    0    0
        62        18        38        23        44    4         1         0         0         0         0         0    0    0    0    0
        63        19        37        22        45    4         1         0         0         0         0         0    0    0    0    0
        64        24        42        20        46    4         1         0         0         0         0         0    0    0    0    0
        65        21        44        24        46    4         1         0         0         0         0         0    0    0    0    0
        66        22        47        25        45    4         1         0         0         0         0         0    0    0    0    0
        67        23        45        25        44    4         1         0         0         0         0         0    0    0    0    0
        68        25        48        24        44    4         1         0         0         0         0         0    0    0    0    0
        69        39        27        17        26    4         1         0         0         0         0         0    0    0    0    0
        70        30        35        27        49    4         1         0         0         0         0         0    0    0    0    0
        71        31        43        28        50    4         1         0         0         0         0         0    0    0    0    0
        72        27        43        31        49    4         1         0         0         0         0         0    0    0    0    0
        73        28        42        32        50    4         1         0         0         0         0         0    0    0    0    0
        74        31        36        30        49    4         1         0         0         0         0         0    0    0    0    0
        75        31        50        32        54    4         1         0         0         0         0         0    0    0    0    0
        76        34        54        32        51    4         1         0         0         0         0         0    0    0    0    0
        77        31        54        34        52    4         1         0         0         0         0         0    0    0    0    0
        78        34        51        33        53    4         1         0         0         0         0         0    0    0    0    0
        79        39        26        10        35    4         1         0         0         0         0         0    0    0    0    0
        80        49        11        30        35    4         1         0         0         0         0         0    0    0    0    0
        81        19        38        13        37    4         1         0         0         0         0         0    0    0    0    0
        82        18        39        14        38    4         1         0         0         0         0         0    0    0    0    0
        83        39        10        26        17    4         1         0         0         0         0         0    0    0    0    0
        84        49        11        39        40    4         1         0         0         0         0         0    0    0    0    0
        85        14        41        39        40    4         1         0         0         0         0         0    0    0    0    0
        86        38        41        13        37    4         1         0         0         0         0         0    0    0    0    0
        87        41        14        39        38    4         1         0         0         0         0         0    0    0    0    0
        88        36        40        11        49    4         1         0         0         0         0         0    0    0    0    0
        89        37        41        16        55    4         1         0         0         0         0         0    0    0    0    0
        90        16        41        40        55    4         1         0         0         0         0         0    0    0    0    0
        91        28        43        20        42    4         1         0         0         0         0         0    0    0    0    0
        92        49        21        27        43    4         1         0         0         0         0         0    0    0    0    0
        93        43        46        20        42    4         1         0         0         0         0         0    0    0    0    0
        94        27        39        35        26    4         1         0         0         0         0         0    0    0    0    0
        95        18        44        39        38    4         1         0         0         0         0         0    0    0    0    0
        96        39        44        21        49    4         1         0         0         0         0         0    0    0    0    0
        97        19        45        38        37    4         1         0         0         0         0         0    0    0    0    0
        98        38        45        23        44    4         1         0         0         0         0         0    0    0    0    0
        99        42        46        24        48    4         1         0         0         0         0         0    0    0    0    0
       100        24        46        44        48    4         1         0         0         0         0         0    0    0    0    0
       101        25        45        47        48    4         1         0         0         0         0         0    0    0    0    0
       102        47        45        22        56    4         1         0         0         0         0         0    0    0    0    0
       103        25        44        45        48    4         1         0         0         0         0         0    0    0    0    0
       104        27        49        35        39    4         1         0         0         0         0         0    0    0    0    0
       105        11        49        30        36    4         1         0         0         0         0         0    0    0    0    0
       106        28        50        43        42    4         1         0         0         0         0         0    0    0    0    0
       107        43        50        31        49    4         1         0         0         0         0         0    0    0    0    0
       108        21        49        27        39    4         1         0         0         0         0         0    0    0    0    0
       109        36        49        31        52    4         1         0         0         0         0         0    0    0    0    0
       110        50        54        31        49    4         1         0         0         0         0         0    0    0    0    0
       111        54        51        34        57    4         1         0         0         0         0         0    0    0    0    0
       112        34        52        54        57    4         1         0         0         0         0         0    0    0    0    0
       113        54        52        31        49    4         1         0         0         0         0         0    0    0    0    0
       114        51        53        34        57    4         1         0         0         0         0         0    0    0    0    0
       115        11        49        39        35    4         1         0         0         0         0         0    0    0    0    0
       116        41        39        44        38    4         1         0         0         0         0         0    0    0    0    0
       117        41        37        38        45    4         1         0         0         0         0         0    0    0    0    0
       118        41        44        39        40    4         1         0         0         0         0         0    0    0    0    0
       119        40        49        36        58    4         1         0         0         0         0         0    0    0    0    0
       120        41        55        37        45    4         1         0         0         0         0         0    0    0    0    0
       121        41        55        65        40    4         1         0         0         0         0         0    0    0    0    0
       122        21        46        49        44    4         1         0         0         0         0         0    0    0    0    0
       123        46        21        49        43    4         1         0         0         0         0         0    0    0    0    0
       124        46        42        43        50    4         1         0         0         0         0         0    0    0    0    0
       125        22        56        45        37    4         1         0         0         0         0         0    0    0    0    0
       126        44        49        39        40    4         1         0         0         0         0         0    0    0    0    0
       127        45        44        38        41    4         1         0         0         0         0         0    0    0    0    0
       128        56        37        55        45    4         1         0         0         0         0         0    0    0    0    0
       129        46        48        42        50    4         1         0         0         0         0         0    0    0    0    0
       130        44        48        46        60    4         1         0         0         0         0         0    0    0    0    0
       131        47        48        45        61    4         1         0         0         0         0         0    0    0    0    0
       132        45        56        47        61    4         1         0         0         0         0         0    0    0    0    0
       133        45        48        44        61    4         1         0         0         0         0         0    0    0    0    0
       134        50        49        43        46    4         1         0         0         0         0         0    0    0    0    0
       135        49        52        36        58    4         1         0         0         0         0         0    0    0    0    0
       136        54        49        50        60    4         1         0         0         0         0         0    0    0    0    0
       137        51        57        54        63    4         1         0         0         0         0         0    0    0    0    0
       138        54        57        52        64    4         1         0         0         0         0         0    0    0    0    0
       139        52        49        54        58    4         1         0         0         0         0         0    0    0    0    0
       140        44        41        45        65    4         1         0         0         0         0         0    0    0    0    0
       141        49        58        40        44    4         1         0         0         0         0         0    0    0    0    0
       142        41        65        55        45    4         1         0         0         0         0         0    0    0    0    0
       143        46        49        44        60    4         1         0         0         0         0         0    0    0    0    0
       144        48        50        46        60    4         1         0         0         0         0         0    0    0    0    0
       145        48        60        44        61    4         1         0         0         0         0         0    0    0    0    0
       146        56        61        45        65    4         1         0         0         0         0         0    0    0    0    0
       147        45        61        44        65    4         1         0         0         0         0         0    0    0    0    0
       148        49        46        50        60    4         1         0         0         0         0         0    0    0    0    0
       149        49        60        54        58    4         1         0         0         0         0         0    0    0    0    0
       150        54        63        57        64    4         1         0         0         0         0         0    0    0    0    0
       151        62        51        63        57    4         1         0         0         0         0         0    0    0    0    0
       152        54        64        52        58    4         1         0         0         0         0         0    0    0    0    0
       153        62        51        57        53    4         1         0         0         0         0         0    0    0    0    0
       154        41        44        40        65    4         1         0         0         0         0         0    0    0    0    0
       155        58        65        40        44    4         1         0         0         0         0         0    0    0    0    0
       156        58        44        49        60    4         1         0         0         0         0         0    0    0    0    0
       157        45        65        55        56    4         1         0         0         0         0         0    0    0    0    0
       158        65        44        60        61    4         1         0         0         0         0         0    0    0    0    0
       159        44        65        60        58    4         1         0         0         0         0         0    0    0    0    0
       160        54        58        60        64    4         1         0         0         0         0         0    0    0    0    0
       161        57        64        63        62    4         1         0         0         0         0         0    0    0    0    0
       162        63        64        54        60    4         1         0         0         0         0         0    0    0    0    0
       163        58        59        65        66    4         1         0         0         0         0         0    0    0    0    0
       164        65        66        60        58    4         1         0         0         0         0         0    0    0    0    0
       165        65        60        66        61    4         1         0         0         0         0         0    0    0    0    0
       166        60        64        58        66    4         1         0         0         0         0         0    0    0    0    0
       167        64        60        63        66    4         1         0         0         0         0         0    0    0    0    0
