         7         2         0         8         1
        27         0         0         0         6         0         0         0

         1         0    1   0.000000e+00   0.000000e+00   0.000000e+00    1         1         0
         2         1    2   1.000000e+00   0.000000e+00   0.000000e+00    1         2         0
         3         2    3   0.000000e+00   1.000000e+00   0.000000e+00    1         4         0
         4         3    1   0.000000e+00   0.000000e+00   1.000000e+00    1         5         0
         5         5    2   5.000000e-01   5.000000e-01   0.000000e+00    5         1         0
         6         7    3   0.000000e+00   5.000000e-01   5.000000e-01    5         3         0
         7         9    2   5.000000e-01   0.000000e+00   5.000000e-01    5         5         0
         8        10    1   5.000000e-01   1.000000e+00   5.000000e-01    5         6         0
         9         0    1   5.000000e-01   0.000000e+00   0.000000e+00    2         1         0
        10         0    1   0.000000e+00   5.000000e-01   0.000000e+00    2         4         0
        11         0    1   0.000000e+00   0.000000e+00   5.000000e-01    2         9         0
        12         0    1   2.500000e-01   2.500000e-01   0.000000e+00    5         1         0
        13        11    1   7.500000e-01   2.500000e-01   0.000000e+00    5         1         0
        14        12    2   2.500000e-01   7.500000e-01   0.000000e+00    5         1         0
        15        15    1   0.000000e+00   7.500000e-01   2.500000e-01    5         3         0
        16        16    1   0.000000e+00   2.500000e-01   7.500000e-01    5         3         0
        17         0    1   0.000000e+00   2.500000e-01   2.500000e-01    5         3         0
        18         0    1   2.500000e-01   0.000000e+00   2.500000e-01    5         5         0
        19        19    3   2.500000e-01   0.000000e+00   7.500000e-01    5         5         0
        20        20    4   7.500000e-01   0.000000e+00   2.500000e-01    5         5         0
        21        21    1   2.500000e-01   1.000000e+00   2.500000e-01    5         6         0
        22        23    2   5.000000e-01   2.500000e-01   2.500000e-01    4         1         0
        23        24    1   5.000000e-01   7.500000e-01   2.500000e-01    4         1         0
        24         0    1   2.500000e-01   5.000000e-01   2.500000e-01    4         1         0
        25        27    1   2.500000e-01   7.500000e-01   5.000000e-01    4         1         0
        26        28    3   2.500000e-01   2.500000e-01   5.000000e-01    4         1         0
        27        31    3   5.000000e-01   5.000000e-01   5.000000e-01    4         1         0

         1         1         2         5         7         9        13        12        18        20        22    4         1         0         1         5         0         0    5    5    0    0
         2         3         1         5         6        10        12        14        15        17        24    4         1         0         1         3         0         0    5    5    0    0
         3         4         1         6         7        11        17        16        19        18        26    4         1         0         3         5         0         0    5    5    0    0
         4         1         7         5         6        18        22        12        17        26        24    4         1         0         0         0         0         0    0    0    0    0
         5         5         8         3         6        23        21        14        24        25        15    4         1         0         0         0         0         0    0    0    0    0
         6         5         6         7         8        24        26        22        23        25        27    4         1         0         0         0         0         0    0    0    0    0
