63 3 168

300 1e-06 1e-15

1 1 1

4 4 4 4 4 4 4 4 4 4 4 4 4 4 4 4 4 4 4 4 4 4 4 4 4 4 4 4 4 4 4 4 4 4 4 4 4 4 4 4 4 4 4 4 4 4 4 4 4 4 4 4 4 4 4 4 4 4 4 4 4 4 4 4 4 4 4 4 4 4 4 4 4 4 4 4 4 4 4 4 4 4 4 4 4 4 4 4 4 4 4 4 4 4 4 4 4 4 4 4 4 4 4 4 4 4 4 4 4 4 4 4 4 4 4 4 4 4 4 4 4 4 4 4 4 4 4 4 4 4 4 4 4 4 4 4 4 4 4 4 4 4 4 4 4 4 4 4 4 4 4 4 4 4 4 4 4 4 4 4 4 4 4 4 4 4 4 4 

  -1    7    0	  1.00000000e+00   1.00000000e+00   1.00000000e+00 	1    7 0
   5    7    1	  1.00000000e+00   6.00000000e-01   1.00000000e+00 	2    6 0
  -1    7    2	  1.00000000e+00   8.00000000e-01   1.00000000e+00 	2    6 0
  -1    7    3	  8.00000000e-01   1.00000000e+00   1.00000000e+00 	2    7 0
  -1    7    4	  6.00000000e-01   1.00000000e+00   1.00000000e+00 	2    7 0
   6    6    5	  4.00000000e-01   1.00000000e+00   1.00000000e+00 	2    7 0
  10    7    6	  1.00000000e+00   1.00000000e+00   6.00000000e-01 	2   11 0
  -1    7    7	  1.00000000e+00   1.00000000e+00   8.00000000e-01 	2   11 0
  22    7    8	  8.35603500e-01   7.05854600e-01   1.00000000e+00 	5    2 0
  -1    7    9	  8.68177500e-01   8.68797200e-01   1.00000000e+00 	5    2 0
  -1    7   10	  7.04870400e-01   8.38478100e-01   1.00000000e+00 	5    2 0
  -1    7   11	  5.03893400e-01   8.28000000e-01   1.00000000e+00 	5    2 0
  23    6   12	  3.02531500e-01   8.38998800e-01   1.00000000e+00 	5    2 0
  26    4   13	  6.21023700e-01   6.28681300e-01   1.00000000e+00 	5    2 0
  27    6   14	  3.94483000e-01   6.62140000e-01   1.00000000e+00 	5    2 0
  38    7   15	  1.00000000e+00   8.39662700e-01   6.97357800e-01 	5    4 0
  -1    7   16	  1.00000000e+00   8.64170200e-01   8.63409100e-01 	5    4 0
  -1    7   17	  1.00000000e+00   6.81168800e-01   8.20355400e-01 	5    4 0
  41    5   18	  1.00000000e+00   5.00206200e-01   8.69473300e-01 	5    4 0
  42    7   19	  1.00000000e+00   6.63624900e-01   6.05129300e-01 	5    4 0
  45    7   20	  1.00000000e+00   5.00507600e-01   7.08031500e-01 	5    4 0
  46    5   21	  1.00000000e+00   5.00801400e-01   5.33965700e-01 	5    4 0
  -1    7   22	  8.63971200e-01   1.00000000e+00   8.63472600e-01 	5    6 0
  -1    7   23	  8.39189400e-01   1.00000000e+00   6.97279700e-01 	5    6 0
  57    7   24	  8.28101400e-01   1.00000000e+00   4.95737300e-01 	5    6 0
  58    6   25	  3.18831200e-01   1.00000000e+00   8.20355400e-01 	5    6 0
  -1    7   26	  4.99793800e-01   1.00000000e+00   8.69473300e-01 	5    6 0
  -1    7   27	  6.80666800e-01   1.00000000e+00   8.20083500e-01 	5    6 0
  60    3   28	  6.28777000e-01   1.00000000e+00   3.78481700e-01 	5    6 0
  -1    7   29	  6.62421400e-01   1.00000000e+00   6.04935700e-01 	5    6 0
  61    7   30	  4.99492400e-01   1.00000000e+00   7.08031500e-01 	5    6 0
  62    7   31	  4.99198600e-01   1.00000000e+00   5.33965700e-01 	5    6 0
  73    5   32	  8.81893500e-01   5.87985200e-01   8.20089300e-01 	4    1 0
  -1    7   33	  8.79265400e-01   8.01618800e-01   8.13459800e-01 	4    1 0
  -1    7   34	  7.87839700e-01   8.82581300e-01   8.62200700e-01 	4    1 0
  -1    7   35	  6.09989000e-01   8.71428200e-01   8.49264400e-01 	4    1 0
  74    7   36	  4.30220300e-01   8.36271800e-01   8.30155200e-01 	4    1 0
  76    5   37	  7.53350800e-01   5.55830700e-01   8.35463700e-01 	4    1 0
  -1    7   38	  5.78730000e-01   7.39389800e-01   8.58910600e-01 	4    1 0
  -1    7   39	  7.25275600e-01   7.20428200e-01   8.25680100e-01 	4    1 0
  78    5   40	  4.70175600e-01   5.78903700e-01   8.46142800e-01 	4    1 0
  84    3   41	  8.21768000e-01   8.37243000e-01   5.92895100e-01 	4    1 0
  86    5   42	  8.15689500e-01   3.80461500e-01   7.13220600e-01 	4    1 0
  -1    7   43	  8.40841500e-01   7.09157500e-01   6.96259400e-01 	4    1 0
  -1    7   44	  8.27077700e-01   5.61532000e-01   6.75250600e-01 	4    1 0
  88    1   45	  8.39554500e-01   4.02124600e-01   5.05591500e-01 	4    1 0
  89    7   46	  8.06932500e-01   6.37735200e-01   5.20776200e-01 	4    1 0
  95    7   47	  6.03717100e-01   8.40853500e-01   6.88559400e-01 	4    1 0
  98    2   48	  6.56224400e-01   8.16831300e-01   4.58674800e-01 	4    1 0
 101    7   49	  6.25951000e-01   6.07769200e-01   8.31097700e-01 	4    1 0
  -1    7   50	  7.48877900e-01   8.26718100e-01   7.41244800e-01 	4    1 0
 106    2   51	  4.73698100e-01   7.25709700e-01   5.55499300e-01 	4    1 0
 112    7   52	  6.33210100e-01   5.08323000e-01   7.41185500e-01 	4    1 0
  -1    7   53	  6.86176600e-01   6.40638800e-01   7.00536600e-01 	4    1 0
 113    7   54	  5.19218400e-01   6.77328900e-01   7.19352400e-01 	4    1 0
  -1    7   55	  6.60705700e-01   7.06060000e-01   6.01169400e-01 	4    1 0
 119    7   56	  6.59872800e-01   3.13218000e-01   5.39863100e-01 	4    1 0
 120    3   57	  6.71050200e-01   4.65310300e-01   4.28122300e-01 	4    1 0
 121    6   58	  6.82030100e-01   5.26661300e-01   5.85220200e-01 	4    1 0
 123    6   59	  5.17425100e-01   3.30873100e-01   4.40583100e-01 	4    1 0
 124    2   60	  5.71023700e-01   6.16139100e-01   4.75703100e-01 	4    1 0
 128    7   61	  5.60375100e-01   5.82368600e-01   6.12196600e-01 	4    1 0
 131    5   62	  5.55200000e-01   4.47182800e-01   5.79656700e-01 	4    1 0

32
   0  1 1 1 
   1  1 1 1 
   2  1 1 1 
   3  1 1 1 
   4  1 1 1 
   5  1 1 1 
   6  1 1 1 
   7  1 1 1 
   8  1 1 1 
   9  1 1 1 
  10  1 1 1 
  11  1 1 1 
  12  1 1 1 
  13  1 1 1 
  14  1 1 1 
  15  1 1 1 
  16  1 1 1 
  17  1 1 1 
  18  1 1 1 
  19  1 1 1 
  20  1 1 1 
  21  1 1 1 
  22  1 1 1 
  23  1 1 1 
  24  1 1 1 
  25  1 1 1 
  26  1 1 1 
  27  1 1 1 
  28  1 1 1 
  29  1 1 1 
  30  1 1 1 
  31  1 1 1 

0


     0	    2     1     8    17 	4    1 0	2 4 0 0 5 5 0 0 
     1	    0     2     9    16 	4    1 0	2 4 0 0 5 5 0 0 
     2	    3     0     9    22 	4    1 0	2 6 0 0 5 5 0 0 
     3	    4     3    10    27 	4    1 0	2 6 0 0 5 5 0 0 
     4	    5     4    11    26 	4    1 0	2 6 0 0 5 5 0 0 
     5	    2     8     9    33 	4    1 0	2 0 0 0 5 0 0 0 
     6	    3     9    10    34 	4    1 0	2 0 0 0 5 0 0 0 
     7	    4    10    11    35 	4    1 0	2 0 0 0 5 0 0 0 
     8	    5    11    12    36 	4    1 0	2 0 0 0 5 0 0 0 
     9	    9     8    10    34 	4    1 0	2 0 0 0 5 0 0 0 
    10	   11    10    13    38 	4    1 0	2 0 0 0 5 0 0 0 
    11	   12    11    14    36 	4    1 0	2 0 0 0 5 0 0 0 
    12	    8    13    10    39 	4    1 0	2 0 0 0 5 0 0 0 
    13	   40    11    13    38 	4    1 0	0 0 0 0 0 0 0 0 
    14	    7     6    15    23 	4    1 0	4 6 0 0 5 5 0 0 
    15	    7     0     9    16 	4    1 0	0 4 0 0 0 5 0 0 
    16	    7    15    16    33 	4    1 0	4 0 0 0 5 0 0 0 
    17	    2    16    17    33 	4    1 0	4 0 0 0 5 0 0 0 
    18	    1    17    18    32 	4    1 0	4 0 0 0 5 0 0 0 
    19	   16    15    17    33 	4    1 0	4 0 0 0 5 0 0 0 
    20	   18    17    20    32 	4    1 0	4 0 0 0 5 0 0 0 
    21	   15    19    17    43 	4    1 0	4 0 0 0 5 0 0 0 
    22	   32    19    20    44 	4    1 0	0 0 0 0 0 0 0 0 
    23	   20    19    21    44 	4    1 0	4 0 0 0 5 0 0 0 
    24	    7    22    23    34 	4    1 0	6 0 0 0 5 0 0 0 
    25	    6    23    24    41 	4    1 0	6 0 0 0 5 0 0 0 
    26	    5    25    26    36 	4    1 0	6 0 0 0 5 0 0 0 
    27	    4    26    27    35 	4    1 0	6 0 0 0 5 0 0 0 
    28	    3    27    22    34 	4    1 0	6 0 0 0 5 0 0 0 
    29	   23    22    27    34 	4    1 0	6 0 0 0 5 0 0 0 
    30	   24    23    29    41 	4    1 0	6 0 0 0 5 0 0 0 
    31	   26    25    30    36 	4    1 0	6 0 0 0 5 0 0 0 
    32	   29    27    30    47 	4    1 0	6 0 0 0 5 0 0 0 
    33	   23    27    29    47 	4    1 0	6 0 0 0 5 0 0 0 
    34	   24    29    28    48 	4    1 0	6 0 0 0 5 0 0 0 
    35	   27    26    30    35 	4    1 0	6 0 0 0 5 0 0 0 
    36	   28    29    31    48 	4    1 0	6 0 0 0 5 0 0 0 
    37	   29    30    31    47 	4    1 0	6 0 0 0 5 0 0 0 
    38	    8    17     1    32 	4    1 0	0 0 0 0 0 0 0 0 
    39	    2    17     8    33 	4    1 0	0 0 0 0 0 0 0 0 
    40	    9    16     2    33 	4    1 0	0 0 0 0 0 0 0 0 
    41	    7     9     0    22 	4    1 0	0 0 0 6 0 0 0 5 
    42	    3    22     9    34 	4    1 0	0 0 0 0 0 0 0 0 
    43	   10    27     3    34 	4    1 0	0 0 0 0 0 0 0 0 
    44	    4    27    10    35 	4    1 0	0 0 0 0 0 0 0 0 
    45	   11    26     4    35 	4    1 0	0 0 0 0 0 0 0 0 
    46	    5    26    11    36 	4    1 0	0 0 0 0 0 0 0 0 
    47	    9    33     8    34 	4    1 0	0 0 0 0 0 0 0 0 
    48	   11    35    10    38 	4    1 0	0 0 0 0 0 0 0 0 
    49	    8    37    13    39 	4    1 0	0 0 0 0 0 0 0 0 
    50	   10    34     8    39 	4    1 0	0 0 0 0 0 0 0 0 
    51	   13    38    10    39 	4    1 0	0 0 0 0 0 0 0 0 
    52	   14    36    11    40 	4    1 0	0 0 0 0 0 0 0 0 
    53	   11    40    13    14 	4    1 0	0 0 0 2 0 0 0 5 
    54	   15    23     6    41 	4    1 0	0 0 0 0 0 0 0 0 
    55	    7    23    15    33 	4    1 0	0 0 0 0 0 0 0 0 
    56	   34     7     9    33 	4    1 0	0 0 0 0 0 0 0 0 
    57	   15    41    19    43 	4    1 0	0 0 0 0 0 0 0 0 
    58	   17    33    15    43 	4    1 0	0 0 0 0 0 0 0 0 
    59	   32    20    19    17 	4    1 0	0 0 4 0 0 0 5 0 
    60	   32    43    17    19 	4    1 0	0 0 0 0 0 0 0 0 
    61	   21    44    19    46 	4    1 0	0 0 0 0 0 0 0 0 
    62	   20    44    21    42 	4    1 0	0 0 0 0 0 0 0 0 
    63	    7    34    23    33 	4    1 0	0 0 0 0 0 0 0 0 
    64	   50    23    27    34 	4    1 0	0 0 0 0 0 0 0 0 
    65	   29    41    23    47 	4    1 0	0 0 0 0 0 0 0 0 
    66	   24    41    29    48 	4    1 0	0 0 0 0 0 0 0 0 
    67	   26    36    30    35 	4    1 0	0 0 0 0 0 0 0 0 
    68	   30    47    27    35 	4    1 0	0 0 0 0 0 0 0 0 
    69	   31    48    29    47 	4    1 0	0 0 0 0 0 0 0 0 
    70	   17    32     8    33 	4    1 0	0 0 0 0 0 0 0 0 
    71	    7    33    16     9 	4    1 0	0 0 0 0 0 0 0 0 
    72	    7    34     9    22 	4    1 0	0 0 0 0 0 0 0 0 
    73	   27    34    10    35 	4    1 0	0 0 0 0 0 0 0 0 
    74	   26    35    11    36 	4    1 0	0 0 0 0 0 0 0 0 
    75	   39    32     8    37 	4    1 0	0 0 0 0 0 0 0 0 
    76	    8    34    33    39 	4    1 0	0 0 0 0 0 0 0 0 
    77	   39    35    10    34 	4    1 0	0 0 0 0 0 0 0 0 
    78	   35    38    11    36 	4    1 0	0 0 0 0 0 0 0 0 
    79	   13    39    37    49 	4    1 0	0 0 0 0 0 0 0 0 
    80	   32    39     8    33 	4    1 0	0 0 0 0 0 0 0 0 
    81	   35    39    10    38 	4    1 0	0 0 0 0 0 0 0 0 
    82	   38    39    13    49 	4    1 0	0 0 0 0 0 0 0 0 
    83	   11    40    36    38 	4    1 0	0 0 0 0 0 0 0 0 
    84	   13    40    38    49 	4    1 0	0 0 0 0 0 0 0 0 
    85	   23    41    15    33 	4    1 0	0 0 0 0 0 0 0 0 
    86	   41    46    19    43 	4    1 0	0 0 0 0 0 0 0 0 
    87	   41    43    15    33 	4    1 0	0 0 0 0 0 0 0 0 
    88	   33    43    17    32 	4    1 0	0 0 0 0 0 0 0 0 
    89	   43    32    44    19 	4    1 0	0 0 0 0 0 0 0 0 
    90	   32    44    20    42 	4    1 0	0 0 0 0 0 0 0 0 
    91	   19    44    43    46 	4    1 0	0 0 0 0 0 0 0 0 
    92	   44    46    21    45 	4    1 0	0 0 0 0 0 0 0 0 
    93	   21    42    44    45 	4    1 0	0 0 0 0 0 0 0 0 
    94	   23    33    34    50 	4    1 0	0 0 0 0 0 0 0 0 
    95	   50    35    27    47 	4    1 0	0 0 0 0 0 0 0 0 
    96	   50    27    23    47 	4    1 0	0 0 0 0 0 0 0 0 
    97	   23    47    41    50 	4    1 0	0 0 0 0 0 0 0 0 
    98	   41    47    29    48 	4    1 0	0 0 0 0 0 0 0 0 
    99	   30    35    36    47 	4    1 0	0 0 0 0 0 0 0 0 
   100	   48    47    31    51 	4    1 0	0 0 0 0 0 0 0 0 
   101	   33    39    34    50 	4    1 0	0 0 0 0 0 0 0 0 
   102	   38    36    35    47 	4    1 0	0 0 0 0 0 0 0 0 
   103	   37    49    39    53 	4    1 0	0 0 0 0 0 0 0 0 
   104	   54    39    53    47 	4    1 0	0 0 0 0 0 0 0 0 
   105	   36    38    40    54 	4    1 0	0 0 0 0 0 0 0 0 
   106	   38    49    40    54 	4    1 0	0 0 0 0 0 0 0 0 
   107	   41    33    23    50 	4    1 0	0 0 0 0 0 0 0 0 
   108	   46    43    41    55 	4    1 0	0 0 0 0 0 0 0 0 
   109	   43    33    41    50 	4    1 0	0 0 0 0 0 0 0 0 
   110	   43    32    33    39 	4    1 0	0 0 0 0 0 0 0 0 
   111	   39    32    37    44 	4    1 0	0 0 0 0 0 0 0 0 
   112	   37    42    44    32 	4    1 0	0 0 0 0 0 0 0 0 
   113	   43    46    44    53 	4    1 0	0 0 0 0 0 0 0 0 
   114	   46    45    44    58 	4    1 0	0 0 0 0 0 0 0 0 
   115	   44    45    42    58 	4    1 0	0 0 0 0 0 0 0 0 
   116	   35    50    27    34 	4    1 0	0 0 0 0 0 0 0 0 
   117	   47    51    48    55 	4    1 0	0 0 0 0 0 0 0 0 
   118	   32    39    43    44 	4    1 0	0 0 0 0 0 0 0 0 
   119	   34    50    39    35 	4    1 0	0 0 0 0 0 0 0 0 
   120	   39    50    33    43 	4    1 0	0 0 0 0 0 0 0 0 
   121	   39    35    47    38 	4    1 0	0 0 0 0 0 0 0 0 
   122	   36    47    38    54 	4    1 0	0 0 0 0 0 0 0 0 
   123	   37    52    49    53 	4    1 0	0 0 0 0 0 0 0 0 
   124	   39    53    44    37 	4    1 0	0 0 0 0 0 0 0 0 
   125	   54    38    49    39 	4    1 0	0 0 0 0 0 0 0 0 
   126	   38    54    47    39 	4    1 0	0 0 0 0 0 0 0 0 
   127	   52    54    40    49 	4    1 0	0 0 0 0 0 0 0 0 
   128	   41    48    46    55 	4    1 0	0 0 0 0 0 0 0 0 
   129	   41    55    43    50 	4    1 0	0 0 0 0 0 0 0 0 
   130	   43    55    46    53 	4    1 0	0 0 0 0 0 0 0 0 
   131	   45    56    42    58 	4    1 0	0 0 0 0 0 0 0 0 
   132	   39    44    53    43 	4    1 0	0 0 0 0 0 0 0 0 
   133	   42    37    44    52 	4    1 0	0 0 0 0 0 0 0 0 
   134	   42    52    44    58 	4    1 0	0 0 0 0 0 0 0 0 
   135	   44    53    46    58 	4    1 0	0 0 0 0 0 0 0 0 
   136	   45    46    57    58 	4    1 0	0 0 0 0 0 0 0 0 
   137	   41    47    55    50 	4    1 0	0 0 0 0 0 0 0 0 
   138	   47    41    55    48 	4    1 0	0 0 0 0 0 0 0 0 
   139	   47    54    51    55 	4    1 0	0 0 0 0 0 0 0 0 
   140	   51    60    48    55 	4    1 0	0 0 0 0 0 0 0 0 
   141	   50    43    39    53 	4    1 0	0 0 0 0 0 0 0 0 
   142	   35    39    47    50 	4    1 0	0 0 0 0 0 0 0 0 
   143	   54    52    53    49 	4    1 0	0 0 0 0 0 0 0 0 
   144	   52    53    37    44 	4    1 0	0 0 0 0 0 0 0 0 
   145	   54    53    39    49 	4    1 0	0 0 0 0 0 0 0 0 
   146	   53    47    39    50 	4    1 0	0 0 0 0 0 0 0 0 
   147	   48    60    46    55 	4    1 0	0 0 0 0 0 0 0 0 
   148	   43    50    55    53 	4    1 0	0 0 0 0 0 0 0 0 
   149	   46    53    55    58 	4    1 0	0 0 0 0 0 0 0 0 
   150	   42    58    56    52 	4    1 0	0 0 0 0 0 0 0 0 
   151	   56    58    45    57 	4    1 0	0 0 0 0 0 0 0 0 
   152	   44    58    52    53 	4    1 0	0 0 0 0 0 0 0 0 
   153	   47    55    50    53 	4    1 0	0 0 0 0 0 0 0 0 
   154	   51    55    54    61 	4    1 0	0 0 0 0 0 0 0 0 
   155	   54    55    47    53 	4    1 0	0 0 0 0 0 0 0 0 
   156	   60    55    51    61 	4    1 0	0 0 0 0 0 0 0 0 
   157	   52    61    53    58 	4    1 0	0 0 0 0 0 0 0 0 
   158	   54    53    52    61 	4    1 0	0 0 0 0 0 0 0 0 
   159	   46    55    60    58 	4    1 0	0 0 0 0 0 0 0 0 
   160	   55    58    53    61 	4    1 0	0 0 0 0 0 0 0 0 
   161	   56    52    58    62 	4    1 0	0 0 0 0 0 0 0 0 
   162	   58    57    56    62 	4    1 0	0 0 0 0 0 0 0 0 
   163	   46    60    57    58 	4    1 0	0 0 0 0 0 0 0 0 
   164	   54    61    55    53 	4    1 0	0 0 0 0 0 0 0 0 
   165	   55    61    60    58 	4    1 0	0 0 0 0 0 0 0 0 
   166	   61    58    52    62 	4    1 0	0 0 0 0 0 0 0 0 
   167	   56    62    57    59 	4    1 0	0 0 0 0 0 0 0 0 

     0 0 0 0 0
     1 0 0 0 0
     2 0 0 0 0
     3 0 0 0 0
     4 0 0 0 0
     5 0 0 0 0
     6 0 0 0 0
     7 0 0 0 0
     8 0 0 0 0
     9 0 0 0 0
    10 0 0 0 0
    11 0 0 0 0
    12 0 0 0 0
    13 0 0 0 0
    14 0 0 0 0
    15 0 0 0 0
    16 0 0 0 0
    17 0 0 0 0
    18 0 0 0 0
    19 0 0 0 0
    20 0 0 0 0
    21 0 0 0 0
    22 0 0 0 0
    23 0 0 0 0
    24 0 0 0 0
    25 0 0 0 0
    26 0 0 0 0
    27 0 0 0 0
    28 0 0 0 0
    29 0 0 0 0
    30 0 0 0 0
    31 0 0 0 0
    32 0 0 0 0
    33 0 0 0 0
    34 0 0 0 0
    35 0 0 0 0
    36 0 0 0 0
    37 0 0 0 0
    38 0 0 0 0
    39 0 0 0 0
    40 0 0 0 0
    41 0 0 0 0
    42 0 0 0 0
    43 0 0 0 0
    44 0 0 0 0
    45 0 0 0 0
    46 0 0 0 0
    47 0 0 0 0
    48 0 0 0 0
    49 0 0 0 0
    50 0 0 0 0
    51 0 0 0 0
    52 0 0 0 0
    53 0 0 0 0
    54 0 0 0 0
    55 0 0 0 0
    56 0 0 0 0
    57 0 0 0 0
    58 0 0 0 0
    59 0 0 0 0
    60 0 0 0 0
    61 0 0 0 0
    62 0 0 0 0
    63 0 0 0 0
    64 0 0 0 0
    65 0 0 0 0
    66 0 0 0 0
    67 0 0 0 0
    68 0 0 0 0
    69 0 0 0 0
    70 0 0 0 0
    71 0 0 0 0
    72 0 0 0 0
    73 0 0 0 0
    74 0 0 0 0
    75 0 0 0 0
    76 0 0 0 0
    77 0 0 0 0
    78 0 0 0 0
    79 0 0 0 0
    80 0 0 0 0
    81 0 0 0 0
    82 0 0 0 0
    83 0 0 0 0
    84 0 0 0 0
    85 0 0 0 0
    86 0 0 0 0
    87 0 0 0 0
    88 0 0 0 0
    89 0 0 0 0
    90 0 0 0 0
    91 0 0 0 0
    92 0 0 0 0
    93 0 0 0 0
    94 0 0 0 0
    95 0 0 0 0
    96 0 0 0 0
    97 0 0 0 0
    98 0 0 0 0
    99 0 0 0 0
   100 0 0 0 0
   101 0 0 0 0
   102 0 0 0 0
   103 0 0 0 0
   104 0 0 0 0
   105 0 0 0 0
   106 0 0 0 0
   107 0 0 0 0
   108 0 0 0 0
   109 0 0 0 0
   110 0 0 0 0
   111 0 0 0 0
   112 0 0 0 0
   113 0 0 0 0
   114 0 0 0 0
   115 0 0 0 0
   116 0 0 0 0
   117 0 0 0 0
   118 0 0 0 0
   119 0 0 0 0
   120 0 0 0 0
   121 0 0 0 0
   122 0 0 0 0
   123 0 0 0 0
   124 0 0 0 0
   125 0 0 0 0
   126 0 0 0 0
   127 0 0 0 0
   128 0 0 0 0
   129 0 0 0 0
   130 0 0 0 0
   131 0 0 0 0
   132 0 0 0 0
   133 0 0 0 0
   134 0 0 0 0
   135 0 0 0 0
   136 0 0 0 0
   137 0 0 0 0
   138 0 0 0 0
   139 0 0 0 0
   140 0 0 0 0
   141 0 0 0 0
   142 0 0 0 0
   143 0 0 0 0
   144 0 0 0 0
   145 0 0 0 0
   146 0 0 0 0
   147 0 0 0 0
   148 0 0 0 0
   149 0 0 0 0
   150 0 0 0 0
   151 0 0 0 0
   152 0 0 0 0
   153 0 0 0 0
   154 0 0 0 0
   155 0 0 0 0
   156 0 0 0 0
   157 0 0 0 0
   158 0 0 0 0
   159 0 0 0 0
   160 0 0 0 0
   161 0 0 0 0
   162 0 0 0 0
   163 0 0 0 0
   164 0 0 0 0
   165 0 0 0 0
   166 0 0 0 0
   167 0 0 0 0


  1.00000000e+08   1.00000000e+06   1.00000000e+06   4.00000000e+06   0.00000000e+00   0.00000000e+00   2.50000000e-01   0.00000000e+00   0.00000000e+00   1.00000000e+00   1.00000000e+00   1.00000000e+00   1.70000000e+03 	2 1 

1 
1 0 0 	0 1 0 	0 0 1 

0 0.5 0.5

0

0

0
