67 3 168

300 1e-06 1e-15

1 1 1

4 4 4 4 4 4 4 4 4 4 4 4 4 4 4 4 4 4 4 4 4 4 4 4 4 4 4 4 4 4 4 4 4 4 4 4 4 4 4 4 4 4 4 4 4 4 4 4 4 4 4 4 4 4 4 4 4 4 4 4 4 4 4 4 4 4 4 4 4 4 4 4 4 4 4 4 4 4 4 4 4 4 4 4 4 4 4 4 4 4 4 4 4 4 4 4 4 4 4 4 4 4 4 4 4 4 4 4 4 4 4 4 4 4 4 4 4 4 4 4 4 4 4 4 4 4 4 4 4 4 4 4 4 4 4 4 4 4 4 4 4 4 4 4 4 4 4 4 4 4 4 4 4 4 4 4 4 4 4 4 4 4 4 4 4 4 4 4 

  -1    3    0	  1.00000000e+00   1.00000000e+00   0.00000000e+00 	1    3 0
   1    1    1	  1.00000000e+00   2.00000000e-01   0.00000000e+00 	2    2 0
  -1    3    2	  1.00000000e+00   4.00000000e-01   0.00000000e+00 	2    2 0
  -1    3    3	  1.00000000e+00   6.00000000e-01   0.00000000e+00 	2    2 0
  -1    3    4	  1.00000000e+00   8.00000000e-01   0.00000000e+00 	2    2 0
  -1    3    5	  8.00000000e-01   1.00000000e+00   0.00000000e+00 	2    3 0
  -1    3    6	  6.00000000e-01   1.00000000e+00   0.00000000e+00 	2    3 0
   2    2    7	  4.00000000e-01   1.00000000e+00   0.00000000e+00 	2    3 0
  -1    3    8	  1.00000000e+00   1.00000000e+00   2.00000000e-01 	2   11 0
  -1    3    9	  1.00000000e+00   1.00000000e+00   4.00000000e-01 	2   11 0
  10    7   10	  1.00000000e+00   1.00000000e+00   6.00000000e-01 	2   11 0
  13    1   11	  8.35563200e-01   2.93433600e-01   0.00000000e+00 	5    1 0
  -1    3   12	  8.18927200e-01   4.99565600e-01   0.00000000e+00 	5    1 0
  -1    3   13	  8.35603500e-01   7.05854600e-01   0.00000000e+00 	5    1 0
  -1    3   14	  8.68177500e-01   8.68797200e-01   0.00000000e+00 	5    1 0
  -1    3   15	  7.04870400e-01   8.38478100e-01   0.00000000e+00 	5    1 0
  14    2   16	  5.03893400e-01   8.28000000e-01   0.00000000e+00 	5    1 0
  17    1   17	  6.21014800e-01   3.69613900e-01   0.00000000e+00 	5    1 0
  18    2   18	  6.21023700e-01   6.28681300e-01   0.00000000e+00 	5    1 0
  20    1   19	  4.65323600e-01   4.98883600e-01   0.00000000e+00 	5    1 0
  -1    3   20	  1.00000000e+00   8.69165300e-01   1.31883000e-01 	5    4 0
  -1    3   21	  1.00000000e+00   8.39176800e-01   2.95148400e-01 	5    4 0
  -1    3   22	  1.00000000e+00   8.28830200e-01   4.96014000e-01 	5    4 0
  38    7   23	  1.00000000e+00   8.39662700e-01   6.97357800e-01 	5    4 0
  39    1   24	  1.00000000e+00   2.94121400e-01   1.64252100e-01 	5    4 0
  -1    3   25	  1.00000000e+00   5.00452700e-01   1.80862600e-01 	5    4 0
  -1    3   26	  1.00000000e+00   7.06649600e-01   1.64266500e-01 	5    4 0
  40    3   27	  1.00000000e+00   1.71898600e-01   4.95737300e-01 	5    4 0
  -1    3   28	  1.00000000e+00   6.30251200e-01   3.78836200e-01 	5    4 0
  42    7   29	  1.00000000e+00   6.63624900e-01   6.05129300e-01 	5    4 0
  43    1   30	  1.00000000e+00   3.71223000e-01   3.78481700e-01 	5    4 0
  44    5   31	  1.00000000e+00   3.37578600e-01   6.04935700e-01 	5    4 0
  46    5   32	  1.00000000e+00   5.00801400e-01   5.33965700e-01 	5    4 0
  -1    3   33	  8.68855200e-01   1.00000000e+00   1.31792200e-01 	5    6 0
  -1    3   34	  7.05878600e-01   1.00000000e+00   1.64252100e-01 	5    6 0
  56    3   35	  4.99547300e-01   1.00000000e+00   1.80862600e-01 	5    6 0
  57    7   36	  8.28101400e-01   1.00000000e+00   4.95737300e-01 	5    6 0
  -1    3   37	  8.38397200e-01   1.00000000e+00   2.94709000e-01 	5    6 0
  60    3   38	  6.28777000e-01   1.00000000e+00   3.78481700e-01 	5    6 0
  64    3   39	  8.69628900e-01   4.03199500e-01   1.60911000e-01 	4    1 0
  -1    3   40	  8.67273200e-01   6.19957900e-01   1.85029100e-01 	4    1 0
  -1    3   41	  8.73039100e-01   8.09439600e-01   1.91823900e-01 	4    1 0
  -1    3   42	  7.88522200e-01   8.87081400e-01   1.35756200e-01 	4    1 0
  65    3   43	  6.24486500e-01   8.64891400e-01   1.59251800e-01 	4    1 0
  67    1   44	  7.25759200e-01   3.84839800e-01   1.55799000e-01 	4    1 0
  -1    3   45	  7.45186300e-01   5.60229300e-01   1.53103600e-01 	4    1 0
  68    3   46	  5.72357100e-01   7.35973200e-01   1.56065800e-01 	4    1 0
  -1    3   47	  6.74744800e-01   5.06440200e-01   1.06636100e-01 	4    1 0
  -1    3   48	  7.23726700e-01   7.29741000e-01   1.44630500e-01 	4    1 0
  70    3   49	  5.83456300e-01   4.93463900e-01   1.24664300e-01 	4    1 0
  71    3   50	  4.49196800e-01   5.84742200e-01   1.42924600e-01 	4    1 0
  -1    3   51	  8.47089700e-01   8.86316400e-01   3.81304300e-01 	4    1 0
  84    3   52	  8.21768000e-01   8.37243000e-01   5.92895100e-01 	4    1 0
  85    3   53	  8.20705500e-01   1.59785500e-01   5.60991600e-01 	4    1 0
  -1    3   54	  8.60688600e-01   7.63572900e-01   3.53790900e-01 	4    1 0
  87    1   55	  8.28796900e-01   4.74089900e-01   3.02352200e-01 	4    1 0
  -1    3   56	  8.35100700e-01   5.37895400e-01   4.24875300e-01 	4    1 0
  88    1   57	  8.39554500e-01   4.02124600e-01   5.05591500e-01 	4    1 0
  89    7   58	  8.06932500e-01   6.37735200e-01   5.20776200e-01 	4    1 0
  97    2   59	  7.36298200e-01   8.54895400e-01   2.74147900e-01 	4    1 0
  98    2   60	  6.56224400e-01   8.16831300e-01   4.58674800e-01 	4    1 0
  99    2   61	  6.09670500e-01   5.95132600e-01   1.82089100e-01 	4    1 0
 108    1   62	  6.57275100e-01   4.84933300e-01   2.32691800e-01 	4    1 0
 109    2   63	  6.99434300e-01   6.53296300e-01   3.03826100e-01 	4    1 0
 110    3   64	  5.31458100e-01   4.95256700e-01   3.15509300e-01 	4    1 0
 120    3   65	  6.71050200e-01   4.65310300e-01   4.28122300e-01 	4    1 0
 124    2   66	  5.71023700e-01   6.16139100e-01   4.75703100e-01 	4    1 0

39
   0  1 1 1 
   1  1 1 1 
   2  1 1 1 
   3  1 1 1 
   4  1 1 1 
   5  1 1 1 
   6  1 1 1 
   7  1 1 1 
   8  1 1 1 
   9  1 1 1 
  10  1 1 1 
  11  1 1 1 
  12  1 1 1 
  13  1 1 1 
  14  1 1 1 
  15  1 1 1 
  16  1 1 1 
  17  1 1 1 
  18  1 1 1 
  19  1 1 1 
  20  1 1 1 
  21  1 1 1 
  22  1 1 1 
  23  1 1 1 
  24  1 1 1 
  25  1 1 1 
  26  1 1 1 
  27  1 1 1 
  28  1 1 1 
  29  1 1 1 
  30  1 1 1 
  31  1 1 1 
  32  1 1 1 
  33  1 1 1 
  34  1 1 1 
  35  1 1 1 
  36  1 1 1 
  37  1 1 1 
  38  1 1 1 

0


     0	    1     2    11    24 	4    1 0	1 4 0 0 5 5 0 0 
     1	    2     3    12    25 	4    1 0	1 4 0 0 5 5 0 0 
     2	    3     4    13    26 	4    1 0	1 4 0 0 5 5 0 0 
     3	    4     0    14    20 	4    1 0	1 4 0 0 5 5 0 0 
     4	    0     5    14    33 	4    1 0	1 6 0 0 5 5 0 0 
     5	    5     6    15    34 	4    1 0	1 6 0 0 5 5 0 0 
     6	    6     7    16    35 	4    1 0	1 6 0 0 5 5 0 0 
     7	   11     2    12    39 	4    1 0	1 0 0 0 5 0 0 0 
     8	   12     3    13    40 	4    1 0	1 0 0 0 5 0 0 0 
     9	   13     4    14    41 	4    1 0	1 0 0 0 5 0 0 0 
    10	   14     5    15    42 	4    1 0	1 0 0 0 5 0 0 0 
    11	   15     6    16    43 	4    1 0	1 0 0 0 5 0 0 0 
    12	   11    12    17    44 	4    1 0	1 0 0 0 5 0 0 0 
    13	   12    13    18    45 	4    1 0	1 0 0 0 5 0 0 0 
    14	   13    14    15    42 	4    1 0	1 0 0 0 5 0 0 0 
    15	   15    16    18    46 	4    1 0	1 0 0 0 5 0 0 0 
    16	   17    12    18    47 	4    1 0	1 0 0 0 5 0 0 0 
    17	   18    13    15    48 	4    1 0	1 0 0 0 5 0 0 0 
    18	   17    18    19    49 	4    1 0	1 0 0 0 5 0 0 0 
    19	    8     0    14    33 	4    1 0	0 6 0 0 0 5 0 0 
    20	    9     8    21    37 	4    1 0	4 6 0 0 5 5 0 0 
    21	   10     9    22    36 	4    1 0	4 6 0 0 5 5 0 0 
    22	    8    20    21    41 	4    1 0	4 0 0 0 5 0 0 0 
    23	    9    21    22    51 	4    1 0	4 0 0 0 5 0 0 0 
    24	   10    22    23    52 	4    1 0	4 0 0 0 5 0 0 0 
    25	    2    24    25    39 	4    1 0	4 0 0 0 5 0 0 0 
    26	    3    25    26    40 	4    1 0	4 0 0 0 5 0 0 0 
    27	    4    26    20    41 	4    1 0	4 0 0 0 5 0 0 0 
    28	   21    20    26    41 	4    1 0	4 0 0 0 5 0 0 0 
    29	   22    21    28    54 	4    1 0	4 0 0 0 5 0 0 0 
    30	   23    22    29    52 	4    1 0	4 0 0 0 5 0 0 0 
    31	   25    24    30    39 	4    1 0	4 0 0 0 5 0 0 0 
    32	   26    25    28    40 	4    1 0	4 0 0 0 5 0 0 0 
    33	   21    26    28    54 	4    1 0	4 0 0 0 5 0 0 0 
    34	   58    22    28    54 	4    1 0	0 0 0 0 0 0 0 0 
    35	   25    30    28    55 	4    1 0	4 0 0 0 5 0 0 0 
    36	   57    27    30    31 	4    1 0	0 0 4 0 0 0 5 0 
    37	   56    32    55    28 	4    1 0	0 0 0 0 0 0 0 0 
    38	   30    31    32    57 	4    1 0	4 0 0 0 5 0 0 0 
    39	   29    28    32    58 	4    1 0	4 0 0 0 5 0 0 0 
    40	    5    33    34    42 	4    1 0	6 0 0 0 5 0 0 0 
    41	    6    34    35    43 	4    1 0	6 0 0 0 5 0 0 0 
    42	    9    36    37    51 	4    1 0	6 0 0 0 5 0 0 0 
    43	    8    37    33    42 	4    1 0	6 0 0 0 5 0 0 0 
    44	   34    33    37    42 	4    1 0	6 0 0 0 5 0 0 0 
    45	   35    34    38    43 	4    1 0	6 0 0 0 5 0 0 0 
    46	   37    36    38    51 	4    1 0	6 0 0 0 5 0 0 0 
    47	   34    37    38    59 	4    1 0	6 0 0 0 5 0 0 0 
    48	   11    24     2    39 	4    1 0	0 0 0 0 0 0 0 0 
    49	   12    25     3    40 	4    1 0	0 0 0 0 0 0 0 0 
    50	    2    25    12    39 	4    1 0	0 0 0 0 0 0 0 0 
    51	   13    26     4    41 	4    1 0	0 0 0 0 0 0 0 0 
    52	    3    26    13    40 	4    1 0	0 0 0 0 0 0 0 0 
    53	    8    14     0    20 	4    1 0	0 0 0 4 0 0 0 5 
    54	    4    20    14    41 	4    1 0	0 0 0 0 0 0 0 0 
    55	   14    33     5    42 	4    1 0	0 0 0 0 0 0 0 0 
    56	   15    34     6    43 	4    1 0	0 0 0 0 0 0 0 0 
    57	    5    34    15    42 	4    1 0	0 0 0 0 0 0 0 0 
    58	    6    35    16    43 	4    1 0	0 0 0 0 0 0 0 0 
    59	   11    39    12    44 	4    1 0	0 0 0 0 0 0 0 0 
    60	   12    40    13    45 	4    1 0	0 0 0 0 0 0 0 0 
    61	   13    41    14    42 	4    1 0	0 0 0 0 0 0 0 0 
    62	   15    43    16    46 	4    1 0	0 0 0 0 0 0 0 0 
    63	   17    44    12    47 	4    1 0	0 0 0 0 0 0 0 0 
    64	   18    45    13    48 	4    1 0	0 0 0 0 0 0 0 0 
    65	   12    45    18    47 	4    1 0	0 0 0 0 0 0 0 0 
    66	   13    42    15    48 	4    1 0	0 0 0 0 0 0 0 0 
    67	   15    46    18    48 	4    1 0	0 0 0 0 0 0 0 0 
    68	   17    47    18    49 	4    1 0	0 0 0 0 0 0 0 0 
    69	   19    49    18    50 	4    1 0	0 0 0 0 0 0 0 0 
    70	   41     8    20    14 	4    1 0	0 0 0 0 0 0 0 0 
    71	   21    37     8    41 	4    1 0	0 0 0 0 0 0 0 0 
    72	    9    37    21    51 	4    1 0	0 0 0 0 0 0 0 0 
    73	   22    36     9    51 	4    1 0	0 0 0 0 0 0 0 0 
    74	   10    36    22    52 	4    1 0	0 0 0 0 0 0 0 0 
    75	   22    51    21    54 	4    1 0	0 0 0 0 0 0 0 0 
    76	   21    41    26    54 	4    1 0	0 0 0 0 0 0 0 0 
    77	   29    52    22    58 	4    1 0	0 0 0 0 0 0 0 0 
    78	   25    39    30    55 	4    1 0	0 0 0 0 0 0 0 0 
    79	   28    40    25    55 	4    1 0	0 0 0 0 0 0 0 0 
    80	   26    40    28    54 	4    1 0	0 0 0 0 0 0 0 0 
    81	   27    53    31    57 	4    1 0	0 0 0 0 0 0 0 0 
    82	   22    58    28    29 	4    1 0	0 0 0 4 0 0 0 5 
    83	   55    28    32    30 	4    1 0	0 0 4 0 0 0 5 0 
    84	   55    57    30    32 	4    1 0	0 0 0 0 0 0 0 0 
    85	   56    58    32    28 	4    1 0	0 0 0 0 0 0 0 0 
    86	   37    42     8    41 	4    1 0	0 0 0 0 0 0 0 0 
    87	   34    42    37    59 	4    1 0	0 0 0 0 0 0 0 0 
    88	   38    43    34    59 	4    1 0	0 0 0 0 0 0 0 0 
    89	   38    51    36    60 	4    1 0	0 0 0 0 0 0 0 0 
    90	   37    51    38    59 	4    1 0	0 0 0 0 0 0 0 0 
    91	   25    40    12    39 	4    1 0	0 0 0 0 0 0 0 0 
    92	   26    41    13    40 	4    1 0	0 0 0 0 0 0 0 0 
    93	   42     8    14    33 	4    1 0	0 0 0 0 0 0 0 0 
    94	    8    42    14    41 	4    1 0	0 0 0 0 0 0 0 0 
    95	   34    43    15    42 	4    1 0	0 0 0 0 0 0 0 0 
    96	   12    44    39    45 	4    1 0	0 0 0 0 0 0 0 0 
    97	   48    40    13    41 	4    1 0	0 0 0 0 0 0 0 0 
    98	   40    45    12    39 	4    1 0	0 0 0 0 0 0 0 0 
    99	   41    42    13    48 	4    1 0	0 0 0 0 0 0 0 0 
   100	   48    43    15    46 	4    1 0	0 0 0 0 0 0 0 0 
   101	   12    47    44    45 	4    1 0	0 0 0 0 0 0 0 0 
   102	   44    47    17    49 	4    1 0	0 0 0 0 0 0 0 0 
   103	   40    48    13    45 	4    1 0	0 0 0 0 0 0 0 0 
   104	   45    48    18    61 	4    1 0	0 0 0 0 0 0 0 0 
   105	   18    47    45    61 	4    1 0	0 0 0 0 0 0 0 0 
   106	   43    48    15    42 	4    1 0	0 0 0 0 0 0 0 0 
   107	   18    48    46    61 	4    1 0	0 0 0 0 0 0 0 0 
   108	   18    49    47    61 	4    1 0	0 0 0 0 0 0 0 0 
   109	   18    50    49    61 	4    1 0	0 0 0 0 0 0 0 0 
   110	   37    41    21    51 	4    1 0	0 0 0 0 0 0 0 0 
   111	   36    51    22    52 	4    1 0	0 0 0 0 0 0 0 0 
   112	   21    54    51    41 	4    1 0	0 0 0 0 0 0 0 0 
   113	   51    54    22    52 	4    1 0	0 0 0 0 0 0 0 0 
   114	   26    54    41    40 	4    1 0	0 0 0 0 0 0 0 0 
   115	   22    58    52    54 	4    1 0	0 0 0 0 0 0 0 0 
   116	   39    55    25    40 	4    1 0	0 0 0 0 0 0 0 0 
   117	   63    28    40    54 	4    1 0	0 0 0 0 0 0 0 0 
   118	   63    54    58    28 	4    1 0	0 0 0 0 0 0 0 0 
   119	   57    55    56    32 	4    1 0	0 0 0 0 0 0 0 0 
   120	   56    57    32    58 	4    1 0	0 0 0 0 0 0 0 0 
   121	   41    37    59    51 	4    1 0	0 0 0 0 0 0 0 0 
   122	   42    59    34    43 	4    1 0	0 0 0 0 0 0 0 0 
   123	   52    60    36    51 	4    1 0	0 0 0 0 0 0 0 0 
   124	   51    60    38    59 	4    1 0	0 0 0 0 0 0 0 0 
   125	   39    45    44    55 	4    1 0	0 0 0 0 0 0 0 0 
   126	   45    39    40    55 	4    1 0	0 0 0 0 0 0 0 0 
   127	   42    48    41    59 	4    1 0	0 0 0 0 0 0 0 0 
   128	   44    45    47    62 	4    1 0	0 0 0 0 0 0 0 0 
   129	   48    61    45    63 	4    1 0	0 0 0 0 0 0 0 0 
   130	   45    61    47    62 	4    1 0	0 0 0 0 0 0 0 0 
   131	   46    61    48    63 	4    1 0	0 0 0 0 0 0 0 0 
   132	   47    61    49    62 	4    1 0	0 0 0 0 0 0 0 0 
   133	   49    61    50    64 	4    1 0	0 0 0 0 0 0 0 0 
   134	   51    41    54    59 	4    1 0	0 0 0 0 0 0 0 0 
   135	   54    52    51    60 	4    1 0	0 0 0 0 0 0 0 0 
   136	   41    40    54    63 	4    1 0	0 0 0 0 0 0 0 0 
   137	   52    54    58    60 	4    1 0	0 0 0 0 0 0 0 0 
   138	   28    63    40    55 	4    1 0	0 0 0 0 0 0 0 0 
   139	   55    57    56    65 	4    1 0	0 0 0 0 0 0 0 0 
   140	   56    63    58    28 	4    1 0	0 0 0 0 0 0 0 0 
   141	   37    41    59    42 	4    1 0	0 0 0 0 0 0 0 0 
   142	   59    43    42    48 	4    1 0	0 0 0 0 0 0 0 0 
   143	   60    59    51    54 	4    1 0	0 0 0 0 0 0 0 0 
   144	   44    55    45    62 	4    1 0	0 0 0 0 0 0 0 0 
   145	   40    48    45    63 	4    1 0	0 0 0 0 0 0 0 0 
   146	   41    48    40    63 	4    1 0	0 0 0 0 0 0 0 0 
   147	   45    55    40    63 	4    1 0	0 0 0 0 0 0 0 0 
   148	   41    59    48    63 	4    1 0	0 0 0 0 0 0 0 0 
   149	   48    43    63    59 	4    1 0	0 0 0 0 0 0 0 0 
   150	   44    49    62    47 	4    1 0	0 0 0 0 0 0 0 0 
   151	   45    63    61    62 	4    1 0	0 0 0 0 0 0 0 0 
   152	   43    48    63    46 	4    1 0	0 0 0 0 0 0 0 0 
   153	   49    62    61    64 	4    1 0	0 0 0 0 0 0 0 0 
   154	   54    59    41    63 	4    1 0	0 0 0 0 0 0 0 0 
   155	   63    60    58    54 	4    1 0	0 0 0 0 0 0 0 0 
   156	   60    63    58    66 	4    1 0	0 0 0 0 0 0 0 0 
   157	   58    57    65    56 	4    1 0	0 0 0 0 0 0 0 0 
   158	   65    55    63    56 	4    1 0	0 0 0 0 0 0 0 0 
   159	   58    63    56    65 	4    1 0	0 0 0 0 0 0 0 0 
   160	   59    54    60    63 	4    1 0	0 0 0 0 0 0 0 0 
   161	   45    62    55    63 	4    1 0	0 0 0 0 0 0 0 0 
   162	   61    62    63    64 	4    1 0	0 0 0 0 0 0 0 0 
   163	   55    65    63    62 	4    1 0	0 0 0 0 0 0 0 0 
   164	   66    58    65    63 	4    1 0	0 0 0 0 0 0 0 0 
   165	   64    63    65    62 	4    1 0	0 0 0 0 0 0 0 0 
   166	   63    64    65    66 	4    1 0	0 0 0 0 0 0 0 0 
   167	   63    56    55    28 	4    1 0	0 0 0 0 0 0 0 0 

     0 0 0 0 0
     1 0 0 0 0
     2 0 0 0 0
     3 0 0 0 0
     4 0 0 0 0
     5 0 0 0 0
     6 0 0 0 0
     7 0 0 0 0
     8 0 0 0 0
     9 0 0 0 0
    10 0 0 0 0
    11 0 0 0 0
    12 0 0 0 0
    13 0 0 0 0
    14 0 0 0 0
    15 0 0 0 0
    16 0 0 0 0
    17 0 0 0 0
    18 0 0 0 0
    19 0 0 0 0
    20 0 0 0 0
    21 0 0 0 0
    22 0 0 0 0
    23 0 0 0 0
    24 0 0 0 0
    25 0 0 0 0
    26 0 0 0 0
    27 0 0 0 0
    28 0 0 0 0
    29 0 0 0 0
    30 0 0 0 0
    31 0 0 0 0
    32 0 0 0 0
    33 0 0 0 0
    34 0 0 0 0
    35 0 0 0 0
    36 0 0 0 0
    37 0 0 0 0
    38 0 0 0 0
    39 0 0 0 0
    40 0 0 0 0
    41 0 0 0 0
    42 0 0 0 0
    43 0 0 0 0
    44 0 0 0 0
    45 0 0 0 0
    46 0 0 0 0
    47 0 0 0 0
    48 0 0 0 0
    49 0 0 0 0
    50 0 0 0 0
    51 0 0 0 0
    52 0 0 0 0
    53 0 0 0 0
    54 0 0 0 0
    55 0 0 0 0
    56 0 0 0 0
    57 0 0 0 0
    58 0 0 0 0
    59 0 0 0 0
    60 0 0 0 0
    61 0 0 0 0
    62 0 0 0 0
    63 0 0 0 0
    64 0 0 0 0
    65 0 0 0 0
    66 0 0 0 0
    67 0 0 0 0
    68 0 0 0 0
    69 0 0 0 0
    70 0 0 0 0
    71 0 0 0 0
    72 0 0 0 0
    73 0 0 0 0
    74 0 0 0 0
    75 0 0 0 0
    76 0 0 0 0
    77 0 0 0 0
    78 0 0 0 0
    79 0 0 0 0
    80 0 0 0 0
    81 0 0 0 0
    82 0 0 0 0
    83 0 0 0 0
    84 0 0 0 0
    85 0 0 0 0
    86 0 0 0 0
    87 0 0 0 0
    88 0 0 0 0
    89 0 0 0 0
    90 0 0 0 0
    91 0 0 0 0
    92 0 0 0 0
    93 0 0 0 0
    94 0 0 0 0
    95 0 0 0 0
    96 0 0 0 0
    97 0 0 0 0
    98 0 0 0 0
    99 0 0 0 0
   100 0 0 0 0
   101 0 0 0 0
   102 0 0 0 0
   103 0 0 0 0
   104 0 0 0 0
   105 0 0 0 0
   106 0 0 0 0
   107 0 0 0 0
   108 0 0 0 0
   109 0 0 0 0
   110 0 0 0 0
   111 0 0 0 0
   112 0 0 0 0
   113 0 0 0 0
   114 0 0 0 0
   115 0 0 0 0
   116 0 0 0 0
   117 0 0 0 0
   118 0 0 0 0
   119 0 0 0 0
   120 0 0 0 0
   121 0 0 0 0
   122 0 0 0 0
   123 0 0 0 0
   124 0 0 0 0
   125 0 0 0 0
   126 0 0 0 0
   127 0 0 0 0
   128 0 0 0 0
   129 0 0 0 0
   130 0 0 0 0
   131 0 0 0 0
   132 0 0 0 0
   133 0 0 0 0
   134 0 0 0 0
   135 0 0 0 0
   136 0 0 0 0
   137 0 0 0 0
   138 0 0 0 0
   139 0 0 0 0
   140 0 0 0 0
   141 0 0 0 0
   142 0 0 0 0
   143 0 0 0 0
   144 0 0 0 0
   145 0 0 0 0
   146 0 0 0 0
   147 0 0 0 0
   148 0 0 0 0
   149 0 0 0 0
   150 0 0 0 0
   151 0 0 0 0
   152 0 0 0 0
   153 0 0 0 0
   154 0 0 0 0
   155 0 0 0 0
   156 0 0 0 0
   157 0 0 0 0
   158 0 0 0 0
   159 0 0 0 0
   160 0 0 0 0
   161 0 0 0 0
   162 0 0 0 0
   163 0 0 0 0
   164 0 0 0 0
   165 0 0 0 0
   166 0 0 0 0
   167 0 0 0 0


  1.00000000e+08   1.00000000e+06   1.00000000e+06   4.00000000e+06   0.00000000e+00   0.00000000e+00   2.50000000e-01   0.00000000e+00   0.00000000e+00   1.00000000e+00   1.00000000e+00   1.00000000e+00   1.70000000e+03 	2 1 

1 
1 0 0 	0 1 0 	0 0 1 

0 0.5 0.5

0

0

0
