64 3 167

300 1e-06 1e-15

1 1 1

4 4 4 4 4 4 4 4 4 4 4 4 4 4 4 4 4 4 4 4 4 4 4 4 4 4 4 4 4 4 4 4 4 4 4 4 4 4 4 4 4 4 4 4 4 4 4 4 4 4 4 4 4 4 4 4 4 4 4 4 4 4 4 4 4 4 4 4 4 4 4 4 4 4 4 4 4 4 4 4 4 4 4 4 4 4 4 4 4 4 4 4 4 4 4 4 4 4 4 4 4 4 4 4 4 4 4 4 4 4 4 4 4 4 4 4 4 4 4 4 4 4 4 4 4 4 4 4 4 4 4 4 4 4 4 4 4 4 4 4 4 4 4 4 4 4 4 4 4 4 4 4 4 4 4 4 4 4 4 4 4 4 4 4 4 4 4 

  -1    2    0	  0.00000000e+00   1.00000000e+00   0.00000000e+00 	1    4 0
   2    2    1	  4.00000000e-01   1.00000000e+00   0.00000000e+00 	2    3 0
  -1    2    2	  2.00000000e-01   1.00000000e+00   0.00000000e+00 	2    3 0
  -1    2    3	  0.00000000e+00   8.00000000e-01   0.00000000e+00 	2    4 0
   3    0    4	  0.00000000e+00   6.00000000e-01   0.00000000e+00 	2    4 0
  -1    2    5	  0.00000000e+00   1.00000000e+00   2.00000000e-01 	2   12 0
  -1    2    6	  0.00000000e+00   1.00000000e+00   4.00000000e-01 	2   12 0
  11    6    7	  0.00000000e+00   1.00000000e+00   6.00000000e-01 	2   12 0
  14    2    8	  5.03893400e-01   8.28000000e-01   0.00000000e+00 	5    1 0
  -1    2    9	  3.02531500e-01   8.38998800e-01   0.00000000e+00 	5    1 0
  -1    2   10	  1.36528600e-01   8.63834200e-01   0.00000000e+00 	5    1 0
  -1    2   11	  1.79440500e-01   6.80466000e-01   0.00000000e+00 	5    1 0
  15    0   12	  1.30261900e-01   4.99580000e-01   0.00000000e+00 	5    1 0
  18    2   13	  6.21023700e-01   6.28681300e-01   0.00000000e+00 	5    1 0
  -1    2   14	  3.94483000e-01   6.62140000e-01   0.00000000e+00 	5    1 0
  19    2   15	  2.91370800e-01   4.99098600e-01   0.00000000e+00 	5    1 0
  20    1   16	  4.65323600e-01   4.98883600e-01   0.00000000e+00 	5    1 0
  -1    2   17	  0.00000000e+00   8.68182900e-01   1.30976300e-01 	5    3 0
  -1    2   18	  0.00000000e+00   8.35698100e-01   2.93739400e-01 	5    3 0
  30    6   19	  0.00000000e+00   8.19149700e-01   4.99899700e-01 	5    3 0
  32    2   20	  0.00000000e+00   5.04136700e-01   1.71398500e-01 	5    3 0
  -1    2   21	  0.00000000e+00   7.05216300e-01   1.61142100e-01 	5    3 0
  34    6   22	  0.00000000e+00   6.21295300e-01   3.70233800e-01 	5    3 0
  -1    2   23	  1.30834700e-01   1.00000000e+00   1.31883000e-01 	5    6 0
  -1    2   24	  1.60823200e-01   1.00000000e+00   2.95148400e-01 	5    6 0
  55    6   25	  1.71169800e-01   1.00000000e+00   4.96014000e-01 	5    6 0
  56    3   26	  4.99547300e-01   1.00000000e+00   1.80862600e-01 	5    6 0
  -1    2   27	  2.93350400e-01   1.00000000e+00   1.64266500e-01 	5    6 0
  -1    2   28	  3.69748800e-01   1.00000000e+00   3.78836200e-01 	5    6 0
  59    2   29	  3.36375100e-01   1.00000000e+00   6.05129300e-01 	5    6 0
  60    3   30	  6.28777000e-01   1.00000000e+00   3.78481700e-01 	5    6 0
  62    7   31	  4.99198600e-01   1.00000000e+00   5.33965700e-01 	5    6 0
  65    3   32	  6.24486500e-01   8.64891400e-01   1.59251800e-01 	4    1 0
  -1    2   33	  4.12827600e-01   8.24739100e-01   1.55554200e-01 	4    1 0
  -1    2   34	  2.12895700e-01   8.75800000e-01   1.93039300e-01 	4    1 0
  -1    2   35	  1.37317800e-01   7.72330800e-01   1.24429000e-01 	4    1 0
  66    0   36	  1.44939500e-01   5.85029400e-01   1.66920100e-01 	4    1 0
  68    3   37	  5.72357100e-01   7.35973200e-01   1.56065800e-01 	4    1 0
  -1    2   38	  2.91386500e-01   7.00053700e-01   1.48829800e-01 	4    1 0
  71    3   39	  4.49196800e-01   5.84742200e-01   1.42924600e-01 	4    1 0
  -1    2   40	  1.71556600e-01   8.79112900e-01   3.72442300e-01 	4    1 0
  80    2   41	  1.32267700e-01   7.53761800e-01   4.35543500e-01 	4    1 0
  -1    2   42	  1.99354300e-01   7.24045600e-01   2.97754600e-01 	4    1 0
  82    2   43	  1.53913000e-01   5.42780400e-01   5.06758800e-01 	4    1 0
  -1    2   44	  3.39547200e-01   8.21121900e-01   3.08496300e-01 	4    1 0
  96    6   45	  2.97569500e-01   8.33668800e-01   4.99672800e-01 	4    1 0
  97    2   46	  7.36298200e-01   8.54895400e-01   2.74147900e-01 	4    1 0
  -1    2   47	  5.36684300e-01   8.38063800e-01   2.89126000e-01 	4    1 0
  98    2   48	  6.56224400e-01   8.16831300e-01   4.58674800e-01 	4    1 0
  -1    2   49	  4.71237700e-01   8.57098000e-01   4.15060000e-01 	4    1 0
  99    2   50	  6.09670500e-01   5.95132600e-01   1.82089100e-01 	4    1 0
 100    1   51	  2.91076500e-01   5.54545400e-01   2.12234500e-01 	4    1 0
 103    0   52	  2.56832900e-01   5.81326300e-01   3.67645900e-01 	4    1 0
 106    2   53	  4.73698100e-01   7.25709700e-01   5.55499300e-01 	4    1 0
 109    2   54	  6.99434300e-01   6.53296300e-01   3.03826100e-01 	4    1 0
  -1    2   55	  4.36486500e-01   6.75870700e-01   3.30539600e-01 	4    1 0
 110    3   56	  5.31458100e-01   4.95256700e-01   3.15509300e-01 	4    1 0
 116    6   57	  2.56019000e-01   6.63308000e-01   4.90081800e-01 	4    1 0
 118    0   58	  3.08402300e-01   4.99234300e-01   4.72241100e-01 	4    1 0
 124    2   59	  5.71023700e-01   6.16139100e-01   4.75703100e-01 	4    1 0
 125    2   60	  3.95076200e-01   6.01238400e-01   4.76169400e-01 	4    1 0
 126    0   61	  3.51753900e-01   4.62302100e-01   3.12864100e-01 	4    1 0
 129    1   62	  4.51975500e-01   4.42572700e-01   4.57208000e-01 	4    1 0
 130    2   63	  4.31746400e-01   5.41544200e-01   4.26178700e-01 	4    1 0

32
   0  1 1 1 
   1  1 1 1 
   2  1 1 1 
   3  1 1 1 
   4  1 1 1 
   5  1 1 1 
   6  1 1 1 
   7  1 1 1 
   8  1 1 1 
   9  1 1 1 
  10  1 1 1 
  11  1 1 1 
  12  1 1 1 
  13  1 1 1 
  14  1 1 1 
  15  1 1 1 
  16  1 1 1 
  17  1 1 1 
  18  1 1 1 
  19  1 1 1 
  20  1 1 1 
  21  1 1 1 
  22  1 1 1 
  23  1 1 1 
  24  1 1 1 
  25  1 1 1 
  26  1 1 1 
  27  1 1 1 
  28  1 1 1 
  29  1 1 1 
  30  1 1 1 
  31  1 1 1 

0


     0	    1     2     9    27 	4    1 0	1 6 0 0 5 5 0 0 
     1	    2     0    10    23 	4    1 0	1 6 0 0 5 5 0 0 
     2	    0     3    10    17 	4    1 0	1 3 0 0 5 5 0 0 
     3	    3     4    11    21 	4    1 0	1 3 0 0 5 5 0 0 
     4	    8     1     9    33 	4    1 0	1 0 0 0 5 0 0 0 
     5	    9     2    10    34 	4    1 0	1 0 0 0 5 0 0 0 
     6	   10     3    11    35 	4    1 0	1 0 0 0 5 0 0 0 
     7	   11     4    12    36 	4    1 0	1 0 0 0 5 0 0 0 
     8	    8     9    14    33 	4    1 0	1 0 0 0 5 0 0 0 
     9	    9    10    11    35 	4    1 0	1 0 0 0 5 0 0 0 
    10	   11    12    15    36 	4    1 0	1 0 0 0 5 0 0 0 
    11	   39     8    13    14 	4    1 0	0 0 1 0 0 0 5 0 
    12	   14     9    11    38 	4    1 0	1 0 0 0 5 0 0 0 
    13	   14    11    15    38 	4    1 0	1 0 0 0 5 0 0 0 
    14	   13    14    16    39 	4    1 0	1 0 0 0 5 0 0 0 
    15	   14    15    16    39 	4    1 0	1 0 0 0 5 0 0 0 
    16	    0     5    17    23 	4    1 0	3 6 0 0 5 5 0 0 
    17	    5     6    18    24 	4    1 0	3 6 0 0 5 5 0 0 
    18	    6     7    19    25 	4    1 0	3 6 0 0 5 5 0 0 
    19	   17     5    18    23 	4    1 0	3 0 0 0 5 0 0 0 
    20	   18     6    19    40 	4    1 0	3 0 0 0 5 0 0 0 
    21	   20     4    21    36 	4    1 0	3 0 0 0 5 0 0 0 
    22	   21     3    17    35 	4    1 0	3 0 0 0 5 0 0 0 
    23	   17    18    21    35 	4    1 0	3 0 0 0 5 0 0 0 
    24	   18    19    22    41 	4    1 0	3 0 0 0 5 0 0 0 
    25	   20    21    22    36 	4    1 0	3 0 0 0 5 0 0 0 
    26	   21    18    22    42 	4    1 0	3 0 0 0 5 0 0 0 
    27	    5    23    24    18 	4    1 0	6 0 0 0 5 0 0 0 
    28	    6    24    25    40 	4    1 0	6 0 0 0 5 0 0 0 
    29	    1    26    27    33 	4    1 0	6 0 0 0 5 0 0 0 
    30	    2    27    23    34 	4    1 0	6 0 0 0 5 0 0 0 
    31	   24    23    27    34 	4    1 0	6 0 0 0 5 0 0 0 
    32	   25    24    28    40 	4    1 0	6 0 0 0 5 0 0 0 
    33	   27    26    28    33 	4    1 0	6 0 0 0 5 0 0 0 
    34	   34    28    27    24 	4    1 0	0 0 6 0 0 0 5 0 
    35	   25    28    29    45 	4    1 0	6 0 0 0 5 0 0 0 
    36	   26    30    28    47 	4    1 0	6 0 0 0 5 0 0 0 
    37	   28    30    31    49 	4    1 0	6 0 0 0 5 0 0 0 
    38	   29    28    31    45 	4    1 0	6 0 0 0 5 0 0 0 
    39	    8    26     1    33 	4    1 0	0 0 0 0 0 0 0 0 
    40	    9    27     2    34 	4    1 0	0 0 0 0 0 0 0 0 
    41	    1    27     9    33 	4    1 0	0 0 0 0 0 0 0 0 
    42	   10    23     0    17 	4    1 0	0 0 0 0 0 0 0 0 
    43	    2    23    10    34 	4    1 0	0 0 0 0 0 0 0 0 
    44	   10    17     3    35 	4    1 0	0 0 0 0 0 0 0 0 
    45	   11    21     4    36 	4    1 0	0 0 0 0 0 0 0 0 
    46	    3    21    11    35 	4    1 0	0 0 0 0 0 0 0 0 
    47	    4    20    12    36 	4    1 0	0 0 0 0 0 0 0 0 
    48	    9    34    10    35 	4    1 0	0 0 0 0 0 0 0 0 
    49	   14    33     9    38 	4    1 0	0 0 0 0 0 0 0 0 
    50	    8    33    14    39 	4    1 0	0 0 0 0 0 0 0 0 
    51	    9    35    11    38 	4    1 0	0 0 0 0 0 0 0 0 
    52	   11    36    15    38 	4    1 0	0 0 0 0 0 0 0 0 
    53	    8    39    13    37 	4    1 0	0 0 0 0 0 0 0 0 
    54	   14    38    15    39 	4    1 0	0 0 0 0 0 0 0 0 
    55	   18    24     6    40 	4    1 0	0 0 0 0 0 0 0 0 
    56	    6    25    19    40 	4    1 0	0 0 0 0 0 0 0 0 
    57	   17    23    18    34 	4    1 0	0 0 0 0 0 0 0 0 
    58	   18    40    19    41 	4    1 0	0 0 0 0 0 0 0 0 
    59	   21    35    18    42 	4    1 0	0 0 0 0 0 0 0 0 
    60	   18    35    17    34 	4    1 0	0 0 0 0 0 0 0 0 
    61	   18    41    22    42 	4    1 0	0 0 0 0 0 0 0 0 
    62	   22    36    21    42 	4    1 0	0 0 0 0 0 0 0 0 
    63	   24    18    23    34 	4    1 0	0 0 0 0 0 0 0 0 
    64	   34    40    44    28 	4    1 0	0 0 0 0 0 0 0 0 
    65	   25    40    28    45 	4    1 0	0 0 0 0 0 0 0 0 
    66	   26    32    30    47 	4    1 0	0 0 0 0 0 0 0 0 
    67	   28    33    26    47 	4    1 0	0 0 0 0 0 0 0 0 
    68	   34    28    33    27 	4    1 0	0 0 0 0 0 0 0 0 
    69	   28    47    30    49 	4    1 0	0 0 0 0 0 0 0 0 
    70	   31    49    30    48 	4    1 0	0 0 0 0 0 0 0 0 
    71	   28    49    31    45 	4    1 0	0 0 0 0 0 0 0 0 
    72	   26    33     8    32 	4    1 0	0 0 0 0 0 0 0 0 
    73	   27    34     9    33 	4    1 0	0 0 0 0 0 0 0 0 
    74	   23    17    10    34 	4    1 0	0 0 0 0 0 0 0 0 
    75	   17    35    10    34 	4    1 0	0 0 0 0 0 0 0 0 
    76	   21    36    11    35 	4    1 0	0 0 0 0 0 0 0 0 
    77	    8    37    32    33 	4    1 0	0 0 0 0 0 0 0 0 
    78	   34    35     9    38 	4    1 0	0 0 0 0 0 0 0 0 
    79	    9    38    33    34 	4    1 0	0 0 0 0 0 0 0 0 
    80	   33    38    14    39 	4    1 0	0 0 0 0 0 0 0 0 
    81	   33    39     8    37 	4    1 0	0 0 0 0 0 0 0 0 
    82	   11    38    35    36 	4    1 0	0 0 0 0 0 0 0 0 
    83	   15    38    36    51 	4    1 0	0 0 0 0 0 0 0 0 
    84	   37    39    13    50 	4    1 0	0 0 0 0 0 0 0 0 
    85	   15    39    38    51 	4    1 0	0 0 0 0 0 0 0 0 
    86	   24    40    18    34 	4    1 0	0 0 0 0 0 0 0 0 
    87	   45    19    25    40 	4    1 0	0 0 0 0 0 0 0 0 
    88	   45    41    19    40 	4    1 0	0 0 0 0 0 0 0 0 
    89	   40    41    18    42 	4    1 0	0 0 0 0 0 0 0 0 
    90	   34    18    35    42 	4    1 0	0 0 0 0 0 0 0 0 
    91	   35    42    21    36 	4    1 0	0 0 0 0 0 0 0 0 
    92	   18    34    40    42 	4    1 0	0 0 0 0 0 0 0 0 
    93	   57    42    22    41 	4    1 0	0 0 0 0 0 0 0 0 
    94	   52    22    42    36 	4    1 0	0 0 0 0 0 0 0 0 
    95	   28    34    33    44 	4    1 0	0 0 0 0 0 0 0 0 
    96	   40    34    24    28 	4    1 0	0 0 0 0 0 0 0 0 
    97	   40    44    28    45 	4    1 0	0 0 0 0 0 0 0 0 
    98	   32    46    30    47 	4    1 0	0 0 0 0 0 0 0 0 
    99	   32    47    26    33 	4    1 0	0 0 0 0 0 0 0 0 
   100	   33    47    28    44 	4    1 0	0 0 0 0 0 0 0 0 
   101	   48    47    30    46 	4    1 0	0 0 0 0 0 0 0 0 
   102	   47    49    28    44 	4    1 0	0 0 0 0 0 0 0 0 
   103	   47    48    30    49 	4    1 0	0 0 0 0 0 0 0 0 
   104	   49    48    31    53 	4    1 0	0 0 0 0 0 0 0 0 
   105	   31    45    49    53 	4    1 0	0 0 0 0 0 0 0 0 
   106	   49    45    28    44 	4    1 0	0 0 0 0 0 0 0 0 
   107	   32    33    37    47 	4    1 0	0 0 0 0 0 0 0 0 
   108	   42    34    38    35 	4    1 0	0 0 0 0 0 0 0 0 
   109	   33    34    38    44 	4    1 0	0 0 0 0 0 0 0 0 
   110	   38    39    33    55 	4    1 0	0 0 0 0 0 0 0 0 
   111	   39    37    33    55 	4    1 0	0 0 0 0 0 0 0 0 
   112	   35    36    38    42 	4    1 0	0 0 0 0 0 0 0 0 
   113	   36    51    38    42 	4    1 0	0 0 0 0 0 0 0 0 
   114	   39    50    37    55 	4    1 0	0 0 0 0 0 0 0 0 
   115	   38    51    39    55 	4    1 0	0 0 0 0 0 0 0 0 
   116	   40    42    44    45 	4    1 0	0 0 0 0 0 0 0 0 
   117	   34    42    44    40 	4    1 0	0 0 0 0 0 0 0 0 
   118	   42    57    22    52 	4    1 0	0 0 0 0 0 0 0 0 
   119	   22    57    43    52 	4    1 0	0 0 0 0 0 0 0 0 
   120	   42    40    41    45 	4    1 0	0 0 0 0 0 0 0 0 
   121	   32    54    47    37 	4    1 0	0 0 0 0 0 0 0 0 
   122	   47    44    33    55 	4    1 0	0 0 0 0 0 0 0 0 
   123	   47    46    48    54 	4    1 0	0 0 0 0 0 0 0 0 
   124	   49    44    47    55 	4    1 0	0 0 0 0 0 0 0 0 
   125	   55    53    59    48 	4    1 0	0 0 0 0 0 0 0 0 
   126	   55    45    57    53 	4    1 0	0 0 0 0 0 0 0 0 
   127	   45    44    49    55 	4    1 0	0 0 0 0 0 0 0 0 
   128	   37    47    33    55 	4    1 0	0 0 0 0 0 0 0 0 
   129	   34    42    38    44 	4    1 0	0 0 0 0 0 0 0 0 
   130	   54    50    55    37 	4    1 0	0 0 0 0 0 0 0 0 
   131	   33    44    38    55 	4    1 0	0 0 0 0 0 0 0 0 
   132	   38    42    51    55 	4    1 0	0 0 0 0 0 0 0 0 
   133	   50    55    39    56 	4    1 0	0 0 0 0 0 0 0 0 
   134	   39    55    51    61 	4    1 0	0 0 0 0 0 0 0 0 
   135	   42    57    45    41 	4    1 0	0 0 0 0 0 0 0 0 
   136	   42    57    52    55 	4    1 0	0 0 0 0 0 0 0 0 
   137	   52    51    36    42 	4    1 0	0 0 0 0 0 0 0 0 
   138	   52    57    43    58 	4    1 0	0 0 0 0 0 0 0 0 
   139	   32    47    54    46 	4    1 0	0 0 0 0 0 0 0 0 
   140	   55    48    47    49 	4    1 0	0 0 0 0 0 0 0 0 
   141	   55    48    54    47 	4    1 0	0 0 0 0 0 0 0 0 
   142	   53    55    49    48 	4    1 0	0 0 0 0 0 0 0 0 
   143	   55    60    53    57 	4    1 0	0 0 0 0 0 0 0 0 
   144	   42    45    55    44 	4    1 0	0 0 0 0 0 0 0 0 
   145	   44    42    38    55 	4    1 0	0 0 0 0 0 0 0 0 
   146	   48    55    54    59 	4    1 0	0 0 0 0 0 0 0 0 
   147	   55    54    56    50 	4    1 0	0 0 0 0 0 0 0 0 
   148	   51    55    42    52 	4    1 0	0 0 0 0 0 0 0 0 
   149	   54    47    37    55 	4    1 0	0 0 0 0 0 0 0 0 
   150	   39    56    55    61 	4    1 0	0 0 0 0 0 0 0 0 
   151	   54    55    56    59 	4    1 0	0 0 0 0 0 0 0 0 
   152	   51    61    55    52 	4    1 0	0 0 0 0 0 0 0 0 
   153	   45    42    55    57 	4    1 0	0 0 0 0 0 0 0 0 
   154	   52    55    57    60 	4    1 0	0 0 0 0 0 0 0 0 
   155	   57    58    52    60 	4    1 0	0 0 0 0 0 0 0 0 
   156	   63    58    52    61 	4    1 0	0 0 0 0 0 0 0 0 
   157	   53    55    59    60 	4    1 0	0 0 0 0 0 0 0 0 
   158	   45    55    49    53 	4    1 0	0 0 0 0 0 0 0 0 
   159	   63    52    55    61 	4    1 0	0 0 0 0 0 0 0 0 
   160	   63    59    55    60 	4    1 0	0 0 0 0 0 0 0 0 
   161	   63    55    52    60 	4    1 0	0 0 0 0 0 0 0 0 
   162	   58    63    52    60 	4    1 0	0 0 0 0 0 0 0 0 
   163	   63    55    59    56 	4    1 0	0 0 0 0 0 0 0 0 
   164	   61    62    56    63 	4    1 0	0 0 0 0 0 0 0 0 
   165	   63    61    55    56 	4    1 0	0 0 0 0 0 0 0 0 
   166	   61    63    58    62 	4    1 0	0 0 0 0 0 0 0 0 

     0 0 0 0 0
     1 0 0 0 0
     2 0 0 0 0
     3 0 0 0 0
     4 0 0 0 0
     5 0 0 0 0
     6 0 0 0 0
     7 0 0 0 0
     8 0 0 0 0
     9 0 0 0 0
    10 0 0 0 0
    11 0 0 0 0
    12 0 0 0 0
    13 0 0 0 0
    14 0 0 0 0
    15 0 0 0 0
    16 0 0 0 0
    17 0 0 0 0
    18 0 0 0 0
    19 0 0 0 0
    20 0 0 0 0
    21 0 0 0 0
    22 0 0 0 0
    23 0 0 0 0
    24 0 0 0 0
    25 0 0 0 0
    26 0 0 0 0
    27 0 0 0 0
    28 0 0 0 0
    29 0 0 0 0
    30 0 0 0 0
    31 0 0 0 0
    32 0 0 0 0
    33 0 0 0 0
    34 0 0 0 0
    35 0 0 0 0
    36 0 0 0 0
    37 0 0 0 0
    38 0 0 0 0
    39 0 0 0 0
    40 0 0 0 0
    41 0 0 0 0
    42 0 0 0 0
    43 0 0 0 0
    44 0 0 0 0
    45 0 0 0 0
    46 0 0 0 0
    47 0 0 0 0
    48 0 0 0 0
    49 0 0 0 0
    50 0 0 0 0
    51 0 0 0 0
    52 0 0 0 0
    53 0 0 0 0
    54 0 0 0 0
    55 0 0 0 0
    56 0 0 0 0
    57 0 0 0 0
    58 0 0 0 0
    59 0 0 0 0
    60 0 0 0 0
    61 0 0 0 0
    62 0 0 0 0
    63 0 0 0 0
    64 0 0 0 0
    65 0 0 0 0
    66 0 0 0 0
    67 0 0 0 0
    68 0 0 0 0
    69 0 0 0 0
    70 0 0 0 0
    71 0 0 0 0
    72 0 0 0 0
    73 0 0 0 0
    74 0 0 0 0
    75 0 0 0 0
    76 0 0 0 0
    77 0 0 0 0
    78 0 0 0 0
    79 0 0 0 0
    80 0 0 0 0
    81 0 0 0 0
    82 0 0 0 0
    83 0 0 0 0
    84 0 0 0 0
    85 0 0 0 0
    86 0 0 0 0
    87 0 0 0 0
    88 0 0 0 0
    89 0 0 0 0
    90 0 0 0 0
    91 0 0 0 0
    92 0 0 0 0
    93 0 0 0 0
    94 0 0 0 0
    95 0 0 0 0
    96 0 0 0 0
    97 0 0 0 0
    98 0 0 0 0
    99 0 0 0 0
   100 0 0 0 0
   101 0 0 0 0
   102 0 0 0 0
   103 0 0 0 0
   104 0 0 0 0
   105 0 0 0 0
   106 0 0 0 0
   107 0 0 0 0
   108 0 0 0 0
   109 0 0 0 0
   110 0 0 0 0
   111 0 0 0 0
   112 0 0 0 0
   113 0 0 0 0
   114 0 0 0 0
   115 0 0 0 0
   116 0 0 0 0
   117 0 0 0 0
   118 0 0 0 0
   119 0 0 0 0
   120 0 0 0 0
   121 0 0 0 0
   122 0 0 0 0
   123 0 0 0 0
   124 0 0 0 0
   125 0 0 0 0
   126 0 0 0 0
   127 0 0 0 0
   128 0 0 0 0
   129 0 0 0 0
   130 0 0 0 0
   131 0 0 0 0
   132 0 0 0 0
   133 0 0 0 0
   134 0 0 0 0
   135 0 0 0 0
   136 0 0 0 0
   137 0 0 0 0
   138 0 0 0 0
   139 0 0 0 0
   140 0 0 0 0
   141 0 0 0 0
   142 0 0 0 0
   143 0 0 0 0
   144 0 0 0 0
   145 0 0 0 0
   146 0 0 0 0
   147 0 0 0 0
   148 0 0 0 0
   149 0 0 0 0
   150 0 0 0 0
   151 0 0 0 0
   152 0 0 0 0
   153 0 0 0 0
   154 0 0 0 0
   155 0 0 0 0
   156 0 0 0 0
   157 0 0 0 0
   158 0 0 0 0
   159 0 0 0 0
   160 0 0 0 0
   161 0 0 0 0
   162 0 0 0 0
   163 0 0 0 0
   164 0 0 0 0
   165 0 0 0 0
   166 0 0 0 0


  1.00000000e+08   1.00000000e+06   1.00000000e+06   4.00000000e+06   0.00000000e+00   0.00000000e+00   2.50000000e-01   0.00000000e+00   0.00000000e+00   1.00000000e+00   1.00000000e+00   1.00000000e+00   1.70000000e+03 	2 1 

1 
1 0 0 	0 1 0 	0 0 1 

0 0.5 0.5

0

0

0
