66 3 167

300 1e-06 1e-15

1 1 1

4 4 4 4 4 4 4 4 4 4 4 4 4 4 4 4 4 4 4 4 4 4 4 4 4 4 4 4 4 4 4 4 4 4 4 4 4 4 4 4 4 4 4 4 4 4 4 4 4 4 4 4 4 4 4 4 4 4 4 4 4 4 4 4 4 4 4 4 4 4 4 4 4 4 4 4 4 4 4 4 4 4 4 4 4 4 4 4 4 4 4 4 4 4 4 4 4 4 4 4 4 4 4 4 4 4 4 4 4 4 4 4 4 4 4 4 4 4 4 4 4 4 4 4 4 4 4 4 4 4 4 4 4 4 4 4 4 4 4 4 4 4 4 4 4 4 4 4 4 4 4 4 4 4 4 4 4 4 4 4 4 4 4 4 4 4 4 

  -1    0    0	  0.00000000e+00   0.00000000e+00   0.00000000e+00 	1    1 0
  -1    0    1	  2.00000000e-01   0.00000000e+00   0.00000000e+00 	2    1 0
   0    0    2	  4.00000000e-01   0.00000000e+00   0.00000000e+00 	2    1 0
   3    0    3	  0.00000000e+00   6.00000000e-01   0.00000000e+00 	2    4 0
  -1    0    4	  0.00000000e+00   4.00000000e-01   0.00000000e+00 	2    4 0
  -1    0    5	  0.00000000e+00   2.00000000e-01   0.00000000e+00 	2    4 0
  -1    0    6	  0.00000000e+00   0.00000000e+00   2.00000000e-01 	2    9 0
  -1    0    7	  0.00000000e+00   0.00000000e+00   4.00000000e-01 	2    9 0
   8    4    8	  0.00000000e+00   0.00000000e+00   6.00000000e-01 	2    9 0
  -1    0    9	  1.36384300e-01   1.35776300e-01   0.00000000e+00 	5    1 0
  -1    0   10	  3.02404900e-01   1.60258300e-01   0.00000000e+00 	5    1 0
  12    0   11	  5.03869000e-01   1.71104800e-01   0.00000000e+00 	5    1 0
  15    0   12	  1.30261900e-01   4.99580000e-01   0.00000000e+00 	5    1 0
  -1    0   13	  1.79516800e-01   3.18623100e-01   0.00000000e+00 	5    1 0
  16    0   14	  3.94253900e-01   3.36163400e-01   0.00000000e+00 	5    1 0
  19    2   15	  2.91370800e-01   4.99098600e-01   0.00000000e+00 	5    1 0
  -1    0   16	  0.00000000e+00   1.36471800e-01   1.35853100e-01 	5    3 0
  -1    0   17	  0.00000000e+00   3.02611600e-01   1.60436900e-01 	5    3 0
  32    2   18	  0.00000000e+00   5.04136700e-01   1.71398500e-01 	5    3 0
  33    4   19	  0.00000000e+00   1.30394700e-01   4.99722100e-01 	5    3 0
  -1    0   20	  0.00000000e+00   1.79747300e-01   3.18828700e-01 	5    3 0
  34    6   21	  0.00000000e+00   6.21295300e-01   3.70233800e-01 	5    3 0
  -1    0   22	  0.00000000e+00   3.94835000e-01   3.36599800e-01 	5    3 0
  36    0   23	  0.00000000e+00   2.91665600e-01   4.99446600e-01 	5    3 0
  37    6   24	  0.00000000e+00   4.65759600e-01   4.99403100e-01 	5    3 0
  -1    0   25	  1.31817100e-01   0.00000000e+00   1.30976300e-01 	5    5 0
  -1    0   26	  1.64301900e-01   0.00000000e+00   2.93739400e-01 	5    5 0
  -1    0   27	  1.80850300e-01   0.00000000e+00   4.99899700e-01 	5    5 0
  47    4   28	  1.64209700e-01   0.00000000e+00   7.06098000e-01 	5    5 0
  49    0   29	  2.94783700e-01   0.00000000e+00   1.61142100e-01 	5    5 0
  51    1   30	  3.78704700e-01   0.00000000e+00   3.70233800e-01 	5    5 0
  52    4   31	  3.78582900e-01   0.00000000e+00   6.29151800e-01 	5    5 0
  53    4   32	  6.05238000e-01   0.00000000e+00   6.62475100e-01 	5    5 0
  54    0   33	  5.34240400e-01   0.00000000e+00   4.99403100e-01 	5    5 0
  -1    0   34	  2.07074100e-01   8.70402100e-02   1.30566100e-01 	4    1 0
  63    1   35	  4.42086200e-01   1.83591100e-01   1.69301900e-01 	4    1 0
  66    0   36	  1.44939500e-01   5.85029400e-01   1.66920100e-01 	4    1 0
  -1    0   37	  1.04937100e-01   4.11423900e-01   1.62623400e-01 	4    1 0
  -1    0   38	  1.47057500e-01   2.24491500e-01   1.55081500e-01 	4    1 0
  69    0   39	  3.31910000e-01   3.58848200e-01   1.42897700e-01 	4    1 0
  -1    0   40	  2.05150100e-01   4.30547100e-01   1.67122700e-01 	4    1 0
  79    4   41	  1.50705800e-01   1.64485800e-01   5.90795800e-01 	4    1 0
  -1    0   42	  1.56407600e-01   1.03949100e-01   4.22079500e-01 	4    1 0
  -1    0   43	  1.72229000e-01   3.37310400e-01   3.22792900e-01 	4    1 0
  -1    0   44	  1.53055600e-01   4.87776600e-01   3.24561600e-01 	4    1 0
  -1    0   45	  1.50626200e-01   2.23577300e-01   4.42200900e-01 	4    1 0
  82    2   46	  1.53913000e-01   5.42780400e-01   5.06758800e-01 	4    1 0
  83    4   47	  1.77725700e-01   3.69680200e-01   5.30996200e-01 	4    1 0
  -1    0   48	  2.79843000e-01   1.75795600e-01   3.03589800e-01 	4    1 0
  90    4   49	  2.71945000e-01   1.61035600e-01   5.04946400e-01 	4    1 0
  91    0   50	  5.21172600e-01   1.79215600e-01   6.62017800e-01 	4    1 0
  92    0   51	  5.07696800e-01   1.54154500e-01   3.44625100e-01 	4    1 0
  93    0   52	  6.45076000e-01   1.30954700e-01   5.55451500e-01 	4    1 0
  94    4   53	  4.13255700e-01   1.85682300e-01   4.89484100e-01 	4    1 0
 100    1   54	  2.91076500e-01   5.54545400e-01   2.12234500e-01 	4    1 0
 103    0   55	  2.56832900e-01   5.81326300e-01   3.67645900e-01 	4    1 0
 105    0   56	  5.56365900e-01   2.07427600e-01   4.78621000e-01 	4    1 0
 107    1   57	  4.23803700e-01   3.16786800e-01   3.20494100e-01 	4    1 0
 110    3   58	  5.31458100e-01   4.95256700e-01   3.15509300e-01 	4    1 0
 117    4   59	  3.29888500e-01   3.27257800e-01   4.61247900e-01 	4    1 0
 118    0   60	  3.08402300e-01   4.99234300e-01   4.72241100e-01 	4    1 0
 119    7   61	  6.59872800e-01   3.13218000e-01   5.39863100e-01 	4    1 0
 122    4   62	  4.66922500e-01   3.39142900e-01   5.77524800e-01 	4    1 0
 123    6   63	  5.17425100e-01   3.30873100e-01   4.40583100e-01 	4    1 0
 126    0   64	  3.51753900e-01   4.62302100e-01   3.12864100e-01 	4    1 0
 129    1   65	  4.51975500e-01   4.42572700e-01   4.57208000e-01 	4    1 0

34
   0  1 1 1 
   1  1 1 1 
   2  1 1 1 
   3  1 1 1 
   4  1 1 1 
   5  1 1 1 
   6  1 1 1 
   7  1 1 1 
   8  1 1 1 
   9  1 1 1 
  10  1 1 1 
  11  1 1 1 
  12  1 1 1 
  13  1 1 1 
  14  1 1 1 
  15  1 1 1 
  16  1 1 1 
  17  1 1 1 
  18  1 1 1 
  19  1 1 1 
  20  1 1 1 
  21  1 1 1 
  22  1 1 1 
  23  1 1 1 
  24  1 1 1 
  25  1 1 1 
  26  1 1 1 
  27  1 1 1 
  28  1 1 1 
  29  1 1 1 
  30  1 1 1 
  31  1 1 1 
  32  1 1 1 
  33  1 1 1 

0


     0	    0     1     9    25 	4    1 0	1 5 0 0 5 5 0 0 
     1	    1     2    10    29 	4    1 0	1 5 0 0 5 5 0 0 
     2	    3     4    12    18 	4    1 0	1 3 0 0 5 5 0 0 
     3	    4     5    13    17 	4    1 0	1 3 0 0 5 5 0 0 
     4	    5     0     9    16 	4    1 0	1 3 0 0 5 5 0 0 
     5	    9     1    10    34 	4    1 0	1 0 0 0 5 0 0 0 
     6	   10     2    11    35 	4    1 0	1 0 0 0 5 0 0 0 
     7	   12     4    13    37 	4    1 0	1 0 0 0 5 0 0 0 
     8	   13     5     9    38 	4    1 0	1 0 0 0 5 0 0 0 
     9	    9    10    13    38 	4    1 0	1 0 0 0 5 0 0 0 
    10	   10    11    14    35 	4    1 0	1 0 0 0 5 0 0 0 
    11	   13    14    15    39 	4    1 0	1 0 0 0 5 0 0 0 
    12	   13    10    14    39 	4    1 0	1 0 0 0 5 0 0 0 
    13	   12    13    15    40 	4    1 0	1 0 0 0 5 0 0 0 
    14	    8     7    19    27 	4    1 0	3 5 0 0 5 5 0 0 
    15	    7     6    20    26 	4    1 0	3 5 0 0 5 5 0 0 
    16	    6     0    16    25 	4    1 0	3 5 0 0 5 5 0 0 
    17	   16     5    17    38 	4    1 0	3 0 0 0 5 0 0 0 
    18	   17     4    18    37 	4    1 0	3 0 0 0 5 0 0 0 
    19	   19     7    20    42 	4    1 0	3 0 0 0 5 0 0 0 
    20	   20     6    16    26 	4    1 0	3 0 0 0 5 0 0 0 
    21	   16    17    20    38 	4    1 0	3 0 0 0 5 0 0 0 
    22	   17    18    22    37 	4    1 0	3 0 0 0 5 0 0 0 
    23	   20    22    23    43 	4    1 0	3 0 0 0 5 0 0 0 
    24	   20    17    22    43 	4    1 0	3 0 0 0 5 0 0 0 
    25	   22    18    21    44 	4    1 0	3 0 0 0 5 0 0 0 
    26	   19    20    23    45 	4    1 0	3 0 0 0 5 0 0 0 
    27	   22    21    24    44 	4    1 0	3 0 0 0 5 0 0 0 
    28	   23    22    24    43 	4    1 0	3 0 0 0 5 0 0 0 
    29	   25     6    26    16 	4    1 0	5 0 0 0 5 0 0 0 
    30	   26     7    27    42 	4    1 0	5 0 0 0 5 0 0 0 
    31	   27     8    28    41 	4    1 0	5 0 0 0 5 0 0 0 
    32	   29     1    25    34 	4    1 0	5 0 0 0 5 0 0 0 
    33	   25    26    29    34 	4    1 0	5 0 0 0 5 0 0 0 
    34	   26    27    30    42 	4    1 0	5 0 0 0 5 0 0 0 
    35	   27    28    31    41 	4    1 0	5 0 0 0 5 0 0 0 
    36	   29    26    30    48 	4    1 0	5 0 0 0 5 0 0 0 
    37	   30    27    31    49 	4    1 0	5 0 0 0 5 0 0 0 
    38	   30    31    33    53 	4    1 0	5 0 0 0 5 0 0 0 
    39	   31    32    33    50 	4    1 0	5 0 0 0 5 0 0 0 
    40	    9    25     1    34 	4    1 0	0 0 0 0 0 0 0 0 
    41	    0    25     9    16 	4    1 0	0 0 0 0 0 0 0 0 
    42	   10    29     2    35 	4    1 0	0 0 0 0 0 0 0 0 
    43	    1    29    10    34 	4    1 0	0 0 0 0 0 0 0 0 
    44	   12    18     4    37 	4    1 0	0 0 0 0 0 0 0 0 
    45	   13    17     5    38 	4    1 0	0 0 0 0 0 0 0 0 
    46	    4    17    13    37 	4    1 0	0 0 0 0 0 0 0 0 
    47	    5    16     9    38 	4    1 0	0 0 0 0 0 0 0 0 
    48	    9    34    10    38 	4    1 0	0 0 0 0 0 0 0 0 
    49	   12    37    13    40 	4    1 0	0 0 0 0 0 0 0 0 
    50	   13    38    10    39 	4    1 0	0 0 0 0 0 0 0 0 
    51	   10    35    14    39 	4    1 0	0 0 0 0 0 0 0 0 
    52	   15    36    12    40 	4    1 0	0 0 0 0 0 0 0 0 
    53	   13    39    15    40 	4    1 0	0 0 0 0 0 0 0 0 
    54	   19    27     7    42 	4    1 0	0 0 0 0 0 0 0 0 
    55	    8    27    19    41 	4    1 0	0 0 0 0 0 0 0 0 
    56	    7    26    20    42 	4    1 0	0 0 0 0 0 0 0 0 
    57	   19    42    20    45 	4    1 0	0 0 0 0 0 0 0 0 
    58	   20    26    16    38 	4    1 0	0 0 0 0 0 0 0 0 
    59	   20    38    17    43 	4    1 0	0 0 0 0 0 0 0 0 
    60	   22    37    18    44 	4    1 0	0 0 0 0 0 0 0 0 
    61	   17    37    22    43 	4    1 0	0 0 0 0 0 0 0 0 
    62	   18    36    21    44 	4    1 0	0 0 0 0 0 0 0 0 
    63	   23    41    19    45 	4    1 0	0 0 0 0 0 0 0 0 
    64	   20    43    23    45 	4    1 0	0 0 0 0 0 0 0 0 
    65	   21    46    24    44 	4    1 0	0 0 0 0 0 0 0 0 
    66	   22    44    24    43 	4    1 0	0 0 0 0 0 0 0 0 
    67	   24    47    23    43 	4    1 0	0 0 0 0 0 0 0 0 
    68	   38    26    16    25 	4    1 0	0 0 0 0 0 0 0 0 
    69	   29    34    26    48 	4    1 0	0 0 0 0 0 0 0 0 
    70	   30    42    27    49 	4    1 0	0 0 0 0 0 0 0 0 
    71	   26    42    30    48 	4    1 0	0 0 0 0 0 0 0 0 
    72	   27    41    31    49 	4    1 0	0 0 0 0 0 0 0 0 
    73	   30    35    29    48 	4    1 0	0 0 0 0 0 0 0 0 
    74	   30    49    31    53 	4    1 0	0 0 0 0 0 0 0 0 
    75	   33    53    31    50 	4    1 0	0 0 0 0 0 0 0 0 
    76	   30    53    33    51 	4    1 0	0 0 0 0 0 0 0 0 
    77	   33    50    32    52 	4    1 0	0 0 0 0 0 0 0 0 
    78	   38    25     9    34 	4    1 0	0 0 0 0 0 0 0 0 
    79	   48    10    29    34 	4    1 0	0 0 0 0 0 0 0 0 
    80	   18    37    12    36 	4    1 0	0 0 0 0 0 0 0 0 
    81	   17    38    13    37 	4    1 0	0 0 0 0 0 0 0 0 
    82	   38     9    25    16 	4    1 0	0 0 0 0 0 0 0 0 
    83	   48    10    38    39 	4    1 0	0 0 0 0 0 0 0 0 
    84	   13    40    38    39 	4    1 0	0 0 0 0 0 0 0 0 
    85	   37    40    12    36 	4    1 0	0 0 0 0 0 0 0 0 
    86	   40    13    38    37 	4    1 0	0 0 0 0 0 0 0 0 
    87	   35    39    10    48 	4    1 0	0 0 0 0 0 0 0 0 
    88	   36    40    15    54 	4    1 0	0 0 0 0 0 0 0 0 
    89	   15    40    39    54 	4    1 0	0 0 0 0 0 0 0 0 
    90	   27    42    19    41 	4    1 0	0 0 0 0 0 0 0 0 
    91	   48    20    26    42 	4    1 0	0 0 0 0 0 0 0 0 
    92	   42    45    19    41 	4    1 0	0 0 0 0 0 0 0 0 
    93	   26    38    34    25 	4    1 0	0 0 0 0 0 0 0 0 
    94	   17    43    38    37 	4    1 0	0 0 0 0 0 0 0 0 
    95	   38    43    20    48 	4    1 0	0 0 0 0 0 0 0 0 
    96	   18    44    37    36 	4    1 0	0 0 0 0 0 0 0 0 
    97	   37    44    22    43 	4    1 0	0 0 0 0 0 0 0 0 
    98	   41    45    23    47 	4    1 0	0 0 0 0 0 0 0 0 
    99	   23    45    43    47 	4    1 0	0 0 0 0 0 0 0 0 
   100	   24    44    46    47 	4    1 0	0 0 0 0 0 0 0 0 
   101	   46    44    21    55 	4    1 0	0 0 0 0 0 0 0 0 
   102	   24    43    44    47 	4    1 0	0 0 0 0 0 0 0 0 
   103	   26    48    34    38 	4    1 0	0 0 0 0 0 0 0 0 
   104	   10    48    29    35 	4    1 0	0 0 0 0 0 0 0 0 
   105	   27    49    42    41 	4    1 0	0 0 0 0 0 0 0 0 
   106	   42    49    30    48 	4    1 0	0 0 0 0 0 0 0 0 
   107	   20    48    26    38 	4    1 0	0 0 0 0 0 0 0 0 
   108	   35    48    30    51 	4    1 0	0 0 0 0 0 0 0 0 
   109	   49    53    30    48 	4    1 0	0 0 0 0 0 0 0 0 
   110	   53    50    33    56 	4    1 0	0 0 0 0 0 0 0 0 
   111	   33    51    53    56 	4    1 0	0 0 0 0 0 0 0 0 
   112	   53    51    30    48 	4    1 0	0 0 0 0 0 0 0 0 
   113	   50    52    33    56 	4    1 0	0 0 0 0 0 0 0 0 
   114	   10    48    38    34 	4    1 0	0 0 0 0 0 0 0 0 
   115	   40    38    43    37 	4    1 0	0 0 0 0 0 0 0 0 
   116	   40    36    37    44 	4    1 0	0 0 0 0 0 0 0 0 
   117	   40    43    38    39 	4    1 0	0 0 0 0 0 0 0 0 
   118	   39    48    35    57 	4    1 0	0 0 0 0 0 0 0 0 
   119	   40    54    36    44 	4    1 0	0 0 0 0 0 0 0 0 
   120	   40    54    64    39 	4    1 0	0 0 0 0 0 0 0 0 
   121	   20    45    48    43 	4    1 0	0 0 0 0 0 0 0 0 
   122	   45    20    48    42 	4    1 0	0 0 0 0 0 0 0 0 
   123	   45    41    42    49 	4    1 0	0 0 0 0 0 0 0 0 
   124	   21    55    44    36 	4    1 0	0 0 0 0 0 0 0 0 
   125	   43    48    38    39 	4    1 0	0 0 0 0 0 0 0 0 
   126	   44    43    37    40 	4    1 0	0 0 0 0 0 0 0 0 
   127	   55    36    54    44 	4    1 0	0 0 0 0 0 0 0 0 
   128	   45    47    41    49 	4    1 0	0 0 0 0 0 0 0 0 
   129	   43    47    45    59 	4    1 0	0 0 0 0 0 0 0 0 
   130	   46    47    44    60 	4    1 0	0 0 0 0 0 0 0 0 
   131	   44    55    46    60 	4    1 0	0 0 0 0 0 0 0 0 
   132	   44    47    43    60 	4    1 0	0 0 0 0 0 0 0 0 
   133	   49    48    42    45 	4    1 0	0 0 0 0 0 0 0 0 
   134	   48    51    35    57 	4    1 0	0 0 0 0 0 0 0 0 
   135	   53    48    49    59 	4    1 0	0 0 0 0 0 0 0 0 
   136	   50    56    53    62 	4    1 0	0 0 0 0 0 0 0 0 
   137	   53    56    51    63 	4    1 0	0 0 0 0 0 0 0 0 
   138	   51    48    53    57 	4    1 0	0 0 0 0 0 0 0 0 
   139	   43    40    44    64 	4    1 0	0 0 0 0 0 0 0 0 
   140	   48    57    39    43 	4    1 0	0 0 0 0 0 0 0 0 
   141	   40    64    54    44 	4    1 0	0 0 0 0 0 0 0 0 
   142	   45    48    43    59 	4    1 0	0 0 0 0 0 0 0 0 
   143	   47    49    45    59 	4    1 0	0 0 0 0 0 0 0 0 
   144	   47    59    43    60 	4    1 0	0 0 0 0 0 0 0 0 
   145	   55    60    44    64 	4    1 0	0 0 0 0 0 0 0 0 
   146	   44    60    43    64 	4    1 0	0 0 0 0 0 0 0 0 
   147	   48    45    49    59 	4    1 0	0 0 0 0 0 0 0 0 
   148	   48    59    53    57 	4    1 0	0 0 0 0 0 0 0 0 
   149	   53    62    56    63 	4    1 0	0 0 0 0 0 0 0 0 
   150	   61    50    62    56 	4    1 0	0 0 0 0 0 0 0 0 
   151	   53    63    51    57 	4    1 0	0 0 0 0 0 0 0 0 
   152	   61    50    56    52 	4    1 0	0 0 0 0 0 0 0 0 
   153	   40    43    39    64 	4    1 0	0 0 0 0 0 0 0 0 
   154	   57    64    39    43 	4    1 0	0 0 0 0 0 0 0 0 
   155	   57    43    48    59 	4    1 0	0 0 0 0 0 0 0 0 
   156	   44    64    54    55 	4    1 0	0 0 0 0 0 0 0 0 
   157	   64    43    59    60 	4    1 0	0 0 0 0 0 0 0 0 
   158	   43    64    59    57 	4    1 0	0 0 0 0 0 0 0 0 
   159	   53    57    59    63 	4    1 0	0 0 0 0 0 0 0 0 
   160	   56    63    62    61 	4    1 0	0 0 0 0 0 0 0 0 
   161	   62    63    53    59 	4    1 0	0 0 0 0 0 0 0 0 
   162	   57    58    64    65 	4    1 0	0 0 0 0 0 0 0 0 
   163	   64    65    59    57 	4    1 0	0 0 0 0 0 0 0 0 
   164	   64    59    65    60 	4    1 0	0 0 0 0 0 0 0 0 
   165	   59    63    57    65 	4    1 0	0 0 0 0 0 0 0 0 
   166	   63    59    62    65 	4    1 0	0 0 0 0 0 0 0 0 

     0 0 0 0 0
     1 0 0 0 0
     2 0 0 0 0
     3 0 0 0 0
     4 0 0 0 0
     5 0 0 0 0
     6 0 0 0 0
     7 0 0 0 0
     8 0 0 0 0
     9 0 0 0 0
    10 0 0 0 0
    11 0 0 0 0
    12 0 0 0 0
    13 0 0 0 0
    14 0 0 0 0
    15 0 0 0 0
    16 0 0 0 0
    17 0 0 0 0
    18 0 0 0 0
    19 0 0 0 0
    20 0 0 0 0
    21 0 0 0 0
    22 0 0 0 0
    23 0 0 0 0
    24 0 0 0 0
    25 0 0 0 0
    26 0 0 0 0
    27 0 0 0 0
    28 0 0 0 0
    29 0 0 0 0
    30 0 0 0 0
    31 0 0 0 0
    32 0 0 0 0
    33 0 0 0 0
    34 0 0 0 0
    35 0 0 0 0
    36 0 0 0 0
    37 0 0 0 0
    38 0 0 0 0
    39 0 0 0 0
    40 0 0 0 0
    41 0 0 0 0
    42 0 0 0 0
    43 0 0 0 0
    44 0 0 0 0
    45 0 0 0 0
    46 0 0 0 0
    47 0 0 0 0
    48 0 0 0 0
    49 0 0 0 0
    50 0 0 0 0
    51 0 0 0 0
    52 0 0 0 0
    53 0 0 0 0
    54 0 0 0 0
    55 0 0 0 0
    56 0 0 0 0
    57 0 0 0 0
    58 0 0 0 0
    59 0 0 0 0
    60 0 0 0 0
    61 0 0 0 0
    62 0 0 0 0
    63 0 0 0 0
    64 0 0 0 0
    65 0 0 0 0
    66 0 0 0 0
    67 0 0 0 0
    68 0 0 0 0
    69 0 0 0 0
    70 0 0 0 0
    71 0 0 0 0
    72 0 0 0 0
    73 0 0 0 0
    74 0 0 0 0
    75 0 0 0 0
    76 0 0 0 0
    77 0 0 0 0
    78 0 0 0 0
    79 0 0 0 0
    80 0 0 0 0
    81 0 0 0 0
    82 0 0 0 0
    83 0 0 0 0
    84 0 0 0 0
    85 0 0 0 0
    86 0 0 0 0
    87 0 0 0 0
    88 0 0 0 0
    89 0 0 0 0
    90 0 0 0 0
    91 0 0 0 0
    92 0 0 0 0
    93 0 0 0 0
    94 0 0 0 0
    95 0 0 0 0
    96 0 0 0 0
    97 0 0 0 0
    98 0 0 0 0
    99 0 0 0 0
   100 0 0 0 0
   101 0 0 0 0
   102 0 0 0 0
   103 0 0 0 0
   104 0 0 0 0
   105 0 0 0 0
   106 0 0 0 0
   107 0 0 0 0
   108 0 0 0 0
   109 0 0 0 0
   110 0 0 0 0
   111 0 0 0 0
   112 0 0 0 0
   113 0 0 0 0
   114 0 0 0 0
   115 0 0 0 0
   116 0 0 0 0
   117 0 0 0 0
   118 0 0 0 0
   119 0 0 0 0
   120 0 0 0 0
   121 0 0 0 0
   122 0 0 0 0
   123 0 0 0 0
   124 0 0 0 0
   125 0 0 0 0
   126 0 0 0 0
   127 0 0 0 0
   128 0 0 0 0
   129 0 0 0 0
   130 0 0 0 0
   131 0 0 0 0
   132 0 0 0 0
   133 0 0 0 0
   134 0 0 0 0
   135 0 0 0 0
   136 0 0 0 0
   137 0 0 0 0
   138 0 0 0 0
   139 0 0 0 0
   140 0 0 0 0
   141 0 0 0 0
   142 0 0 0 0
   143 0 0 0 0
   144 0 0 0 0
   145 0 0 0 0
   146 0 0 0 0
   147 0 0 0 0
   148 0 0 0 0
   149 0 0 0 0
   150 0 0 0 0
   151 0 0 0 0
   152 0 0 0 0
   153 0 0 0 0
   154 0 0 0 0
   155 0 0 0 0
   156 0 0 0 0
   157 0 0 0 0
   158 0 0 0 0
   159 0 0 0 0
   160 0 0 0 0
   161 0 0 0 0
   162 0 0 0 0
   163 0 0 0 0
   164 0 0 0 0
   165 0 0 0 0
   166 0 0 0 0


  1.00000000e+08   1.00000000e+06   1.00000000e+06   4.00000000e+06   0.00000000e+00   0.00000000e+00   2.50000000e-01   0.00000000e+00   0.00000000e+00   1.00000000e+00   1.00000000e+00   1.00000000e+00   1.70000000e+03 	2 1 

1 
1 0 0 	0 1 0 	0 0 1 

0 0.5 0.5

0

0

0
