64 3 168

300 1e-06 1e-15

1 1 1

4 4 4 4 4 4 4 4 4 4 4 4 4 4 4 4 4 4 4 4 4 4 4 4 4 4 4 4 4 4 4 4 4 4 4 4 4 4 4 4 4 4 4 4 4 4 4 4 4 4 4 4 4 4 4 4 4 4 4 4 4 4 4 4 4 4 4 4 4 4 4 4 4 4 4 4 4 4 4 4 4 4 4 4 4 4 4 4 4 4 4 4 4 4 4 4 4 4 4 4 4 4 4 4 4 4 4 4 4 4 4 4 4 4 4 4 4 4 4 4 4 4 4 4 4 4 4 4 4 4 4 4 4 4 4 4 4 4 4 4 4 4 4 4 4 4 4 4 4 4 4 4 4 4 4 4 4 4 4 4 4 4 4 4 4 4 4 4 

  -1    1    0	  1.00000000e+00   0.00000000e+00   0.00000000e+00 	1    2 0
   0    0    1	  4.00000000e-01   0.00000000e+00   0.00000000e+00 	2    1 0
  -1    1    2	  6.00000000e-01   0.00000000e+00   0.00000000e+00 	2    1 0
  -1    1    3	  8.00000000e-01   0.00000000e+00   0.00000000e+00 	2    1 0
   1    1    4	  1.00000000e+00   2.00000000e-01   0.00000000e+00 	2    2 0
  -1    1    5	  1.00000000e+00   0.00000000e+00   2.00000000e-01 	2   10 0
  -1    1    6	  1.00000000e+00   0.00000000e+00   4.00000000e-01 	2   10 0
   9    1    7	  1.00000000e+00   0.00000000e+00   6.00000000e-01 	2   10 0
  12    0    8	  5.03869000e-01   1.71104800e-01   0.00000000e+00 	5    1 0
  -1    1    9	  7.04873900e-01   1.60788800e-01   0.00000000e+00 	5    1 0
  -1    1   10	  8.68153800e-01   1.30815200e-01   0.00000000e+00 	5    1 0
  13    1   11	  8.35563200e-01   2.93433600e-01   0.00000000e+00 	5    1 0
  16    0   12	  3.94253900e-01   3.36163400e-01   0.00000000e+00 	5    1 0
  17    1   13	  6.21014800e-01   3.69613900e-01   0.00000000e+00 	5    1 0
  19    2   14	  2.91370800e-01   4.99098600e-01   0.00000000e+00 	5    1 0
  20    1   15	  4.65323600e-01   4.98883600e-01   0.00000000e+00 	5    1 0
  -1    1   16	  1.00000000e+00   1.31144800e-01   1.31792200e-01 	5    4 0
  39    1   17	  1.00000000e+00   2.94121400e-01   1.64252100e-01 	5    4 0
  40    3   18	  1.00000000e+00   1.71898600e-01   4.95737300e-01 	5    4 0
  -1    1   19	  1.00000000e+00   1.61602800e-01   2.94709000e-01 	5    4 0
  43    1   20	  1.00000000e+00   3.71223000e-01   3.78481700e-01 	5    4 0
  -1    1   21	  8.63528200e-01   0.00000000e+00   1.35853100e-01 	5    5 0
  -1    1   22	  6.97388400e-01   0.00000000e+00   1.60436900e-01 	5    5 0
  -1    1   23	  4.95863300e-01   0.00000000e+00   1.71398500e-01 	5    5 0
  49    0   24	  2.94783700e-01   0.00000000e+00   1.61142100e-01 	5    5 0
  50    5   25	  8.20434700e-01   0.00000000e+00   6.80613400e-01 	5    5 0
  -1    1   26	  8.69605300e-01   0.00000000e+00   4.99722100e-01 	5    5 0
  -1    1   27	  8.20252700e-01   0.00000000e+00   3.18828700e-01 	5    5 0
  51    1   28	  3.78704700e-01   0.00000000e+00   3.70233800e-01 	5    5 0
  53    4   29	  6.05238000e-01   0.00000000e+00   6.62475100e-01 	5    5 0
  -1    1   30	  6.05165000e-01   0.00000000e+00   3.36599800e-01 	5    5 0
  -1    1   31	  7.08334400e-01   0.00000000e+00   4.99446600e-01 	5    5 0
  54    0   32	  5.34240400e-01   0.00000000e+00   4.99403100e-01 	5    5 0
  63    1   33	  4.42086200e-01   1.83591100e-01   1.69301900e-01 	4    1 0
  -1    1   34	  6.08856800e-01   1.31838300e-01   1.76173600e-01 	4    1 0
  -1    1   35	  7.98335300e-01   1.22678900e-01   2.06591000e-01 	4    1 0
  -1    1   36	  8.73789700e-01   2.17766700e-01   1.41474500e-01 	4    1 0
  64    3   37	  8.69628900e-01   4.03199500e-01   1.60911000e-01 	4    1 0
  -1    1   38	  5.87209200e-01   2.36129000e-01   1.17999300e-01 	4    1 0
  67    1   39	  7.25759200e-01   3.84839800e-01   1.55799000e-01 	4    1 0
  69    0   40	  3.31910000e-01   3.58848200e-01   1.42897700e-01 	4    1 0
  -1    1   41	  7.04543800e-01   2.53186600e-01   1.55651500e-01 	4    1 0
  -1    1   42	  5.19252900e-01   3.76201400e-01   1.58499300e-01 	4    1 0
  70    3   43	  5.83456300e-01   4.93463900e-01   1.24664300e-01 	4    1 0
  71    3   44	  4.49196800e-01   5.84742200e-01   1.42924600e-01 	4    1 0
  85    3   45	  8.20705500e-01   1.59785500e-01   5.60991600e-01 	4    1 0
  -1    1   46	  8.51102900e-01   1.03874400e-01   4.00279300e-01 	4    1 0
  -1    1   47	  8.24694200e-01   2.72501400e-01   3.29381900e-01 	4    1 0
  87    1   48	  8.28796900e-01   4.74089900e-01   3.02352200e-01 	4    1 0
  88    1   49	  8.39554500e-01   4.02124600e-01   5.05591500e-01 	4    1 0
  -1    1   50	  6.82627000e-01   1.35893900e-01   3.71407900e-01 	4    1 0
  92    0   51	  5.07696800e-01   1.54154500e-01   3.44625100e-01 	4    1 0
  93    0   52	  6.45076000e-01   1.30954700e-01   5.55451500e-01 	4    1 0
 100    1   53	  2.91076500e-01   5.54545400e-01   2.12234500e-01 	4    1 0
 105    0   54	  5.56365900e-01   2.07427600e-01   4.78621000e-01 	4    1 0
 107    1   55	  4.23803700e-01   3.16786800e-01   3.20494100e-01 	4    1 0
  -1    1   56	  6.10245700e-01   3.05771800e-01   2.95633000e-01 	4    1 0
 108    1   57	  6.57275100e-01   4.84933300e-01   2.32691800e-01 	4    1 0
 110    3   58	  5.31458100e-01   4.95256700e-01   3.15509300e-01 	4    1 0
 119    7   59	  6.59872800e-01   3.13218000e-01   5.39863100e-01 	4    1 0
 120    3   60	  6.71050200e-01   4.65310300e-01   4.28122300e-01 	4    1 0
 123    6   61	  5.17425100e-01   3.30873100e-01   4.40583100e-01 	4    1 0
 126    0   62	  3.51753900e-01   4.62302100e-01   3.12864100e-01 	4    1 0
 129    1   63	  4.51975500e-01   4.42572700e-01   4.57208000e-01 	4    1 0

33
   0  1 1 1 
   1  1 1 1 
   2  1 1 1 
   3  1 1 1 
   4  1 1 1 
   5  1 1 1 
   6  1 1 1 
   7  1 1 1 
   8  1 1 1 
   9  1 1 1 
  10  1 1 1 
  11  1 1 1 
  12  1 1 1 
  13  1 1 1 
  14  1 1 1 
  15  1 1 1 
  16  1 1 1 
  17  1 1 1 
  18  1 1 1 
  19  1 1 1 
  20  1 1 1 
  21  1 1 1 
  22  1 1 1 
  23  1 1 1 
  24  1 1 1 
  25  1 1 1 
  26  1 1 1 
  27  1 1 1 
  28  1 1 1 
  29  1 1 1 
  30  1 1 1 
  31  1 1 1 
  32  1 1 1 

0


     0	    1     2     8    23 	4    1 0	1 5 0 0 5 5 0 0 
     1	    2     3     9    22 	4    1 0	1 5 0 0 5 5 0 0 
     2	    3     0    10    21 	4    1 0	1 5 0 0 5 5 0 0 
     3	    0     4    10    16 	4    1 0	1 4 0 0 5 5 0 0 
     4	    8     2     9    34 	4    1 0	1 0 0 0 5 0 0 0 
     5	   21    10     3     9 	4    1 0	0 0 1 0 0 0 5 0 
     6	   10     4    11    36 	4    1 0	1 0 0 0 5 0 0 0 
     7	    8     9    13    38 	4    1 0	1 0 0 0 5 0 0 0 
     8	   36     9    10    35 	4    1 0	0 0 0 0 0 0 0 0 
     9	   42     8    13    38 	4    1 0	0 0 0 0 0 0 0 0 
    10	   13     9    11    41 	4    1 0	1 0 0 0 5 0 0 0 
    11	   12    13    15    42 	4    1 0	1 0 0 0 5 0 0 0 
    12	   14    12    15    40 	4    1 0	1 0 0 0 5 0 0 0 
    13	    6     7    18    26 	4    1 0	4 5 0 0 5 5 0 0 
    14	    5     6    19    27 	4    1 0	4 5 0 0 5 5 0 0 
    15	    5     0    10    16 	4    1 0	0 4 0 0 0 5 0 0 
    16	    4    16    17    36 	4    1 0	4 0 0 0 5 0 0 0 
    17	    6    18    19    46 	4    1 0	4 0 0 0 5 0 0 0 
    18	    5    19    16    36 	4    1 0	4 0 0 0 5 0 0 0 
    19	   17    16    19    36 	4    1 0	4 0 0 0 5 0 0 0 
    20	   19    18    20    47 	4    1 0	4 0 0 0 5 0 0 0 
    21	   17    19    20    47 	4    1 0	4 0 0 0 5 0 0 0 
    22	   21    22     9     3 	4    1 0	0 5 0 0 0 5 0 0 
    23	   22     2    23    34 	4    1 0	5 0 0 0 5 0 0 0 
    24	   23     1    24    33 	4    1 0	5 0 0 0 5 0 0 0 
    25	   25     7    26    45 	4    1 0	5 0 0 0 5 0 0 0 
    26	   26     6    27    46 	4    1 0	5 0 0 0 5 0 0 0 
    27	   35     5    27    21 	4    1 0	0 0 5 0 0 0 5 0 
    28	   21    22    27    35 	4    1 0	5 0 0 0 5 0 0 0 
    29	   22    23    30    34 	4    1 0	5 0 0 0 5 0 0 0 
    30	   23    24    28    33 	4    1 0	5 0 0 0 5 0 0 0 
    31	   25    26    31    45 	4    1 0	5 0 0 0 5 0 0 0 
    32	   27    30    31    50 	4    1 0	5 0 0 0 5 0 0 0 
    33	   27    22    30    50 	4    1 0	5 0 0 0 5 0 0 0 
    34	   30    23    28    51 	4    1 0	5 0 0 0 5 0 0 0 
    35	   45    29    31    25 	4    1 0	0 0 5 0 0 0 5 0 
    36	   26    27    31    46 	4    1 0	5 0 0 0 5 0 0 0 
    37	   30    28    32    51 	4    1 0	5 0 0 0 5 0 0 0 
    38	   29    31    32    52 	4    1 0	5 0 0 0 5 0 0 0 
    39	   31    30    32    50 	4    1 0	5 0 0 0 5 0 0 0 
    40	    8    23     2    34 	4    1 0	0 0 0 0 0 0 0 0 
    41	    1    23     8    33 	4    1 0	0 0 0 0 0 0 0 0 
    42	   21     9    22    35 	4    1 0	0 0 0 0 0 0 0 0 
    43	    2    22     9    34 	4    1 0	0 0 0 0 0 0 0 0 
    44	    5    10     0    21 	4    1 0	0 0 0 5 0 0 0 5 
    45	   10    21    35     9 	4    1 0	0 0 0 0 0 0 0 0 
    46	   10    16     4    36 	4    1 0	0 0 0 0 0 0 0 0 
    47	    4    17    11    36 	4    1 0	0 0 0 0 0 0 0 0 
    48	    8    34     9    38 	4    1 0	0 0 0 0 0 0 0 0 
    49	   36    10     9    11 	4    1 0	0 0 1 0 0 0 5 0 
    50	   12    33     8    42 	4    1 0	0 0 0 0 0 0 0 0 
    51	   13    38     9    41 	4    1 0	0 0 0 0 0 0 0 0 
    52	   36    41    11     9 	4    1 0	0 0 0 0 0 0 0 0 
    53	   11    39    13    41 	4    1 0	0 0 0 0 0 0 0 0 
    54	    8    42    13    12 	4    1 0	0 0 0 1 0 0 0 5 
    55	   15    42    13    43 	4    1 0	0 0 0 0 0 0 0 0 
    56	   12    42    15    40 	4    1 0	0 0 0 0 0 0 0 0 
    57	   15    44    14    40 	4    1 0	0 0 0 0 0 0 0 0 
    58	   18    26     7    45 	4    1 0	0 0 0 0 0 0 0 0 
    59	    6    26    18    46 	4    1 0	0 0 0 0 0 0 0 0 
    60	   19    27     6    46 	4    1 0	0 0 0 0 0 0 0 0 
    61	   19    46    18    47 	4    1 0	0 0 0 0 0 0 0 0 
    62	   19    36     5    35 	4    1 0	0 0 0 0 0 0 0 0 
    63	   17    36    19    47 	4    1 0	0 0 0 0 0 0 0 0 
    64	   20    37    17    47 	4    1 0	0 0 0 0 0 0 0 0 
    65	   18    49    20    47 	4    1 0	0 0 0 0 0 0 0 0 
    66	    5    35    27    19 	4    1 0	0 0 0 0 0 0 0 0 
    67	   27    35    22    50 	4    1 0	0 0 0 0 0 0 0 0 
    68	   30    34    23    51 	4    1 0	0 0 0 0 0 0 0 0 
    69	   22    34    30    50 	4    1 0	0 0 0 0 0 0 0 0 
    70	   23    33    28    51 	4    1 0	0 0 0 0 0 0 0 0 
    71	   31    45    26    46 	4    1 0	0 0 0 0 0 0 0 0 
    72	   45    31    29    52 	4    1 0	0 0 0 0 0 0 0 0 
    73	   27    50    31    46 	4    1 0	0 0 0 0 0 0 0 0 
    74	   30    51    32    50 	4    1 0	0 0 0 0 0 0 0 0 
    75	   32    52    31    50 	4    1 0	0 0 0 0 0 0 0 0 
    76	   23    34     8    33 	4    1 0	0 0 0 0 0 0 0 0 
    77	   22    35     9    34 	4    1 0	0 0 0 0 0 0 0 0 
    78	   36     5    10    16 	4    1 0	0 0 0 0 0 0 0 0 
    79	    5    36    10    35 	4    1 0	0 0 0 0 0 0 0 0 
    80	   17    37    11    36 	4    1 0	0 0 0 0 0 0 0 0 
    81	   41    34     9    35 	4    1 0	0 0 0 0 0 0 0 0 
    82	   34    38     8    33 	4    1 0	0 0 0 0 0 0 0 0 
    83	   41    36    35     9 	4    1 0	0 0 0 0 0 0 0 0 
    84	   39    11    36    41 	4    1 0	0 0 0 0 0 0 0 0 
    85	    8    42    33    38 	4    1 0	0 0 0 0 0 0 0 0 
    86	   33    42    12    40 	4    1 0	0 0 0 0 0 0 0 0 
    87	   34    41     9    38 	4    1 0	0 0 0 0 0 0 0 0 
    88	   38    41    13    42 	4    1 0	0 0 0 0 0 0 0 0 
    89	   13    41    39    42 	4    1 0	0 0 0 0 0 0 0 0 
    90	   39    36    11    37 	4    1 0	0 0 0 0 0 0 0 0 
    91	   13    43    42    39 	4    1 0	0 0 0 0 0 0 0 0 
    92	   42    43    15    44 	4    1 0	0 0 0 0 0 0 0 0 
    93	   15    40    42    44 	4    1 0	0 0 0 0 0 0 0 0 
    94	   14    40    44    53 	4    1 0	0 0 0 0 0 0 0 0 
    95	   26    45    18    46 	4    1 0	0 0 0 0 0 0 0 0 
    96	   27    46    19    35 	4    1 0	0 0 0 0 0 0 0 0 
    97	   35     5    21    10 	4    1 0	0 0 0 0 0 0 0 0 
    98	   18    47    46    45 	4    1 0	0 0 0 0 0 0 0 0 
    99	   35    19    47    46 	4    1 0	0 0 0 0 0 0 0 0 
   100	   36    47    17    37 	4    1 0	0 0 0 0 0 0 0 0 
   101	   37    47    20    48 	4    1 0	0 0 0 0 0 0 0 0 
   102	   45    49    18    47 	4    1 0	0 0 0 0 0 0 0 0 
   103	   47    49    20    48 	4    1 0	0 0 0 0 0 0 0 0 
   104	   22    50    35    34 	4    1 0	0 0 0 0 0 0 0 0 
   105	   35    50    27    46 	4    1 0	0 0 0 0 0 0 0 0 
   106	   23    51    34    33 	4    1 0	0 0 0 0 0 0 0 0 
   107	   34    51    30    50 	4    1 0	0 0 0 0 0 0 0 0 
   108	   45    46    31    50 	4    1 0	0 0 0 0 0 0 0 0 
   109	   31    52    45    50 	4    1 0	0 0 0 0 0 0 0 0 
   110	   32    50    51    54 	4    1 0	0 0 0 0 0 0 0 0 
   111	   52    50    32    54 	4    1 0	0 0 0 0 0 0 0 0 
   112	   56    34    33    38 	4    1 0	0 0 0 0 0 0 0 0 
   113	   36    41    35    47 	4    1 0	0 0 0 0 0 0 0 0 
   114	   42    40    33    55 	4    1 0	0 0 0 0 0 0 0 0 
   115	   41    42    38    56 	4    1 0	0 0 0 0 0 0 0 0 
   116	   39    42    41    56 	4    1 0	0 0 0 0 0 0 0 0 
   117	   39    42    56    57 	4    1 0	0 0 0 0 0 0 0 0 
   118	   43    44    42    58 	4    1 0	0 0 0 0 0 0 0 0 
   119	   46    45    47    50 	4    1 0	0 0 0 0 0 0 0 0 
   120	   19    35    47    36 	4    1 0	0 0 0 0 0 0 0 0 
   121	   39    47    41    36 	4    1 0	0 0 0 0 0 0 0 0 
   122	   47    48    37    39 	4    1 0	0 0 0 0 0 0 0 0 
   123	   49    47    45    59 	4    1 0	0 0 0 0 0 0 0 0 
   124	   49    48    47    60 	4    1 0	0 0 0 0 0 0 0 0 
   125	   35    34    50    41 	4    1 0	0 0 0 0 0 0 0 0 
   126	   50    46    35    47 	4    1 0	0 0 0 0 0 0 0 0 
   127	   51    50    34    56 	4    1 0	0 0 0 0 0 0 0 0 
   128	   56    54    51    50 	4    1 0	0 0 0 0 0 0 0 0 
   129	   50    54    52    59 	4    1 0	0 0 0 0 0 0 0 0 
   130	   34    56    33    51 	4    1 0	0 0 0 0 0 0 0 0 
   131	   35    47    41    50 	4    1 0	0 0 0 0 0 0 0 0 
   132	   47    39    37    36 	4    1 0	0 0 0 0 0 0 0 0 
   133	   56    33    42    38 	4    1 0	0 0 0 0 0 0 0 0 
   134	   56    33    55    42 	4    1 0	0 0 0 0 0 0 0 0 
   135	   40    55    42    62 	4    1 0	0 0 0 0 0 0 0 0 
   136	   34    41    56    50 	4    1 0	0 0 0 0 0 0 0 0 
   137	   42    39    43    57 	4    1 0	0 0 0 0 0 0 0 0 
   138	   39    56    41    47 	4    1 0	0 0 0 0 0 0 0 0 
   139	   42    58    57    43 	4    1 0	0 0 0 0 0 0 0 0 
   140	   42    58    44    62 	4    1 0	0 0 0 0 0 0 0 0 
   141	   44    40    62    53 	4    1 0	0 0 0 0 0 0 0 0 
   142	   40    44    62    42 	4    1 0	0 0 0 0 0 0 0 0 
   143	   56    47    48    60 	4    1 0	0 0 0 0 0 0 0 0 
   144	   50    45    59    52 	4    1 0	0 0 0 0 0 0 0 0 
   145	   47    59    49    60 	4    1 0	0 0 0 0 0 0 0 0 
   146	   41    34    56    38 	4    1 0	0 0 0 0 0 0 0 0 
   147	   54    56    51    61 	4    1 0	0 0 0 0 0 0 0 0 
   148	   45    50    59    47 	4    1 0	0 0 0 0 0 0 0 0 
   149	   54    59    50    56 	4    1 0	0 0 0 0 0 0 0 0 
   150	   41    50    47    56 	4    1 0	0 0 0 0 0 0 0 0 
   151	   56    57    48    39 	4    1 0	0 0 0 0 0 0 0 0 
   152	   33    56    55    51 	4    1 0	0 0 0 0 0 0 0 0 
   153	   42    62    55    58 	4    1 0	0 0 0 0 0 0 0 0 
   154	   57    56    48    60 	4    1 0	0 0 0 0 0 0 0 0 
   155	   42    57    58    56 	4    1 0	0 0 0 0 0 0 0 0 
   156	   56    48    47    39 	4    1 0	0 0 0 0 0 0 0 0 
   157	   56    58    42    55 	4    1 0	0 0 0 0 0 0 0 0 
   158	   56    59    47    60 	4    1 0	0 0 0 0 0 0 0 0 
   159	   51    61    56    55 	4    1 0	0 0 0 0 0 0 0 0 
   160	   59    56    61    60 	4    1 0	0 0 0 0 0 0 0 0 
   161	   59    56    47    50 	4    1 0	0 0 0 0 0 0 0 0 
   162	   56    60    57    58 	4    1 0	0 0 0 0 0 0 0 0 
   163	   58    55    56    61 	4    1 0	0 0 0 0 0 0 0 0 
   164	   56    59    61    54 	4    1 0	0 0 0 0 0 0 0 0 
   165	   61    60    56    58 	4    1 0	0 0 0 0 0 0 0 0 
   166	   58    63    55    61 	4    1 0	0 0 0 0 0 0 0 0 
   167	   63    58    60    61 	4    1 0	0 0 0 0 0 0 0 0 

     0 0 0 0 0
     1 0 0 0 0
     2 0 0 0 0
     3 0 0 0 0
     4 0 0 0 0
     5 0 0 0 0
     6 0 0 0 0
     7 0 0 0 0
     8 0 0 0 0
     9 0 0 0 0
    10 0 0 0 0
    11 0 0 0 0
    12 0 0 0 0
    13 0 0 0 0
    14 0 0 0 0
    15 0 0 0 0
    16 0 0 0 0
    17 0 0 0 0
    18 0 0 0 0
    19 0 0 0 0
    20 0 0 0 0
    21 0 0 0 0
    22 0 0 0 0
    23 0 0 0 0
    24 0 0 0 0
    25 0 0 0 0
    26 0 0 0 0
    27 0 0 0 0
    28 0 0 0 0
    29 0 0 0 0
    30 0 0 0 0
    31 0 0 0 0
    32 0 0 0 0
    33 0 0 0 0
    34 0 0 0 0
    35 0 0 0 0
    36 0 0 0 0
    37 0 0 0 0
    38 0 0 0 0
    39 0 0 0 0
    40 0 0 0 0
    41 0 0 0 0
    42 0 0 0 0
    43 0 0 0 0
    44 0 0 0 0
    45 0 0 0 0
    46 0 0 0 0
    47 0 0 0 0
    48 0 0 0 0
    49 0 0 0 0
    50 0 0 0 0
    51 0 0 0 0
    52 0 0 0 0
    53 0 0 0 0
    54 0 0 0 0
    55 0 0 0 0
    56 0 0 0 0
    57 0 0 0 0
    58 0 0 0 0
    59 0 0 0 0
    60 0 0 0 0
    61 0 0 0 0
    62 0 0 0 0
    63 0 0 0 0
    64 0 0 0 0
    65 0 0 0 0
    66 0 0 0 0
    67 0 0 0 0
    68 0 0 0 0
    69 0 0 0 0
    70 0 0 0 0
    71 0 0 0 0
    72 0 0 0 0
    73 0 0 0 0
    74 0 0 0 0
    75 0 0 0 0
    76 0 0 0 0
    77 0 0 0 0
    78 0 0 0 0
    79 0 0 0 0
    80 0 0 0 0
    81 0 0 0 0
    82 0 0 0 0
    83 0 0 0 0
    84 0 0 0 0
    85 0 0 0 0
    86 0 0 0 0
    87 0 0 0 0
    88 0 0 0 0
    89 0 0 0 0
    90 0 0 0 0
    91 0 0 0 0
    92 0 0 0 0
    93 0 0 0 0
    94 0 0 0 0
    95 0 0 0 0
    96 0 0 0 0
    97 0 0 0 0
    98 0 0 0 0
    99 0 0 0 0
   100 0 0 0 0
   101 0 0 0 0
   102 0 0 0 0
   103 0 0 0 0
   104 0 0 0 0
   105 0 0 0 0
   106 0 0 0 0
   107 0 0 0 0
   108 0 0 0 0
   109 0 0 0 0
   110 0 0 0 0
   111 0 0 0 0
   112 0 0 0 0
   113 0 0 0 0
   114 0 0 0 0
   115 0 0 0 0
   116 0 0 0 0
   117 0 0 0 0
   118 0 0 0 0
   119 0 0 0 0
   120 0 0 0 0
   121 0 0 0 0
   122 0 0 0 0
   123 0 0 0 0
   124 0 0 0 0
   125 0 0 0 0
   126 0 0 0 0
   127 0 0 0 0
   128 0 0 0 0
   129 0 0 0 0
   130 0 0 0 0
   131 0 0 0 0
   132 0 0 0 0
   133 0 0 0 0
   134 0 0 0 0
   135 0 0 0 0
   136 0 0 0 0
   137 0 0 0 0
   138 0 0 0 0
   139 0 0 0 0
   140 0 0 0 0
   141 0 0 0 0
   142 0 0 0 0
   143 0 0 0 0
   144 0 0 0 0
   145 0 0 0 0
   146 0 0 0 0
   147 0 0 0 0
   148 0 0 0 0
   149 0 0 0 0
   150 0 0 0 0
   151 0 0 0 0
   152 0 0 0 0
   153 0 0 0 0
   154 0 0 0 0
   155 0 0 0 0
   156 0 0 0 0
   157 0 0 0 0
   158 0 0 0 0
   159 0 0 0 0
   160 0 0 0 0
   161 0 0 0 0
   162 0 0 0 0
   163 0 0 0 0
   164 0 0 0 0
   165 0 0 0 0
   166 0 0 0 0
   167 0 0 0 0


  1.00000000e+08   1.00000000e+06   1.00000000e+06   4.00000000e+06   0.00000000e+00   0.00000000e+00   2.50000000e-01   0.00000000e+00   0.00000000e+00   1.00000000e+00   1.00000000e+00   1.00000000e+00   1.70000000e+03 	2 1 

1 
1 0 0 	0 1 0 	0 0 1 

0 0.5 0.5

0

0

0
