66 3 168

300 1e-06 1e-15

1 1 1

4 4 4 4 4 4 4 4 4 4 4 4 4 4 4 4 4 4 4 4 4 4 4 4 4 4 4 4 4 4 4 4 4 4 4 4 4 4 4 4 4 4 4 4 4 4 4 4 4 4 4 4 4 4 4 4 4 4 4 4 4 4 4 4 4 4 4 4 4 4 4 4 4 4 4 4 4 4 4 4 4 4 4 4 4 4 4 4 4 4 4 4 4 4 4 4 4 4 4 4 4 4 4 4 4 4 4 4 4 4 4 4 4 4 4 4 4 4 4 4 4 4 4 4 4 4 4 4 4 4 4 4 4 4 4 4 4 4 4 4 4 4 4 4 4 4 4 4 4 4 4 4 4 4 4 4 4 4 4 4 4 4 4 4 4 4 4 4 

  -1    6    0	  0.00000000e+00   1.00000000e+00   1.00000000e+00 	1    8 0
   6    6    1	  4.00000000e-01   1.00000000e+00   1.00000000e+00 	2    7 0
  -1    6    2	  2.00000000e-01   1.00000000e+00   1.00000000e+00 	2    7 0
  -1    6    3	  0.00000000e+00   8.00000000e-01   1.00000000e+00 	2    8 0
   7    6    4	  0.00000000e+00   6.00000000e-01   1.00000000e+00 	2    8 0
  11    6    5	  0.00000000e+00   1.00000000e+00   6.00000000e-01 	2   12 0
  -1    6    6	  0.00000000e+00   1.00000000e+00   8.00000000e-01 	2   12 0
  23    6    7	  3.02531500e-01   8.38998800e-01   1.00000000e+00 	5    2 0
  -1    6    8	  1.36528600e-01   8.63834200e-01   1.00000000e+00 	5    2 0
  -1    6    9	  1.79440500e-01   6.80466000e-01   1.00000000e+00 	5    2 0
  24    6   10	  1.30261900e-01   4.99580000e-01   1.00000000e+00 	5    2 0
  27    6   11	  3.94483000e-01   6.62140000e-01   1.00000000e+00 	5    2 0
  28    6   12	  2.91370800e-01   4.99098600e-01   1.00000000e+00 	5    2 0
  30    6   13	  0.00000000e+00   8.19149700e-01   4.99899700e-01 	5    3 0
  -1    6   14	  0.00000000e+00   8.35790300e-01   7.06098000e-01 	5    3 0
  -1    6   15	  0.00000000e+00   8.68274900e-01   8.68919700e-01 	5    3 0
  -1    6   16	  0.00000000e+00   7.05041000e-01   8.38687800e-01 	5    3 0
  31    6   17	  0.00000000e+00   5.04069500e-01   8.28213200e-01 	5    3 0
  34    6   18	  0.00000000e+00   6.21295300e-01   3.70233800e-01 	5    3 0
  35    6   19	  0.00000000e+00   6.21417100e-01   6.29151800e-01 	5    3 0
  37    6   20	  0.00000000e+00   4.65759600e-01   4.99403100e-01 	5    3 0
  55    6   21	  1.71169800e-01   1.00000000e+00   4.96014000e-01 	5    6 0
  -1    6   22	  1.60337300e-01   1.00000000e+00   6.97357800e-01 	5    6 0
  -1    6   23	  1.35829800e-01   1.00000000e+00   8.63409100e-01 	5    6 0
  58    6   24	  3.18831200e-01   1.00000000e+00   8.20355400e-01 	5    6 0
  59    2   25	  3.36375100e-01   1.00000000e+00   6.05129300e-01 	5    6 0
  61    7   26	  4.99492400e-01   1.00000000e+00   7.08031500e-01 	5    6 0
  62    7   27	  4.99198600e-01   1.00000000e+00   5.33965700e-01 	5    6 0
  74    7   28	  4.30220300e-01   8.36271800e-01   8.30155200e-01 	4    1 0
  -1    6   29	  2.02659900e-01   8.65285100e-01   8.22178500e-01 	4    1 0
  -1    6   30	  1.34671600e-01   7.70288000e-01   8.75078800e-01 	4    1 0
  75    4   31	  1.38682400e-01   5.84387100e-01   8.41918100e-01 	4    1 0
  -1    6   32	  3.05296300e-01   7.03794600e-01   8.19476800e-01 	4    1 0
  78    5   33	  4.70175600e-01   5.78903700e-01   8.46142800e-01 	4    1 0
  -1    6   34	  1.85942000e-01   8.74553000e-01   6.44382000e-01 	4    1 0
  80    2   35	  1.32267700e-01   7.53761800e-01   4.35543500e-01 	4    1 0
  -1    6   36	  1.53406800e-01   7.38023700e-01   5.80759600e-01 	4    1 0
  -1    6   37	  1.13752400e-01   6.70287300e-01   5.14628900e-01 	4    1 0
  81    6   38	  1.70156000e-01   7.09628300e-01   7.23875700e-01 	4    1 0
  82    2   39	  1.53913000e-01   5.42780400e-01   5.06758800e-01 	4    1 0
  95    7   40	  6.03717100e-01   8.40853500e-01   6.88559400e-01 	4    1 0
  96    6   41	  2.97569500e-01   8.33668800e-01   4.99672800e-01 	4    1 0
  -1    6   42	  3.01193300e-01   8.43645900e-01   7.14054200e-01 	4    1 0
  -1    6   43	  4.15749500e-01   8.35247600e-01   6.64640800e-01 	4    1 0
 102    6   44	  2.80838700e-01   5.47093600e-01   7.52587200e-01 	4    1 0
 104    6   45	  2.14986000e-01   6.02637200e-01   6.05897100e-01 	4    1 0
 106    2   46	  4.73698100e-01   7.25709700e-01   5.55499300e-01 	4    1 0
 110    3   47	  5.31458100e-01   4.95256700e-01   3.15509300e-01 	4    1 0
 112    7   48	  6.33210100e-01   5.08323000e-01   7.41185500e-01 	4    1 0
 113    7   49	  5.19218400e-01   6.77328900e-01   7.19352400e-01 	4    1 0
 114    4   50	  3.92100700e-01   5.82833300e-01   6.39195200e-01 	4    1 0
 115    5   51	  5.15539700e-01   5.07440500e-01   6.95836300e-01 	4    1 0
 116    6   52	  2.56019000e-01   6.63308000e-01   4.90081800e-01 	4    1 0
  -1    6   53	  2.98769900e-01   7.21922000e-01   6.37738200e-01 	4    1 0
 118    0   54	  3.08402300e-01   4.99234300e-01   4.72241100e-01 	4    1 0
 120    3   55	  6.71050200e-01   4.65310300e-01   4.28122300e-01 	4    1 0
 121    6   56	  6.82030100e-01   5.26661300e-01   5.85220200e-01 	4    1 0
 123    6   57	  5.17425100e-01   3.30873100e-01   4.40583100e-01 	4    1 0
 124    2   58	  5.71023700e-01   6.16139100e-01   4.75703100e-01 	4    1 0
 125    2   59	  3.95076200e-01   6.01238400e-01   4.76169400e-01 	4    1 0
 128    7   60	  5.60375100e-01   5.82368600e-01   6.12196600e-01 	4    1 0
 129    1   61	  4.51975500e-01   4.42572700e-01   4.57208000e-01 	4    1 0
 130    2   62	  4.31746400e-01   5.41544200e-01   4.26178700e-01 	4    1 0
 131    5   63	  5.55200000e-01   4.47182800e-01   5.79656700e-01 	4    1 0
 132    6   64	  4.58019500e-01   5.19741800e-01   5.56892100e-01 	4    1 0
  -1    6   65	  5.48941600e-01   5.14283700e-01   4.92575200e-01 	4    1 0

28
   0  1 1 1 
   1  1 1 1 
   2  1 1 1 
   3  1 1 1 
   4  1 1 1 
   5  1 1 1 
   6  1 1 1 
   7  1 1 1 
   8  1 1 1 
   9  1 1 1 
  10  1 1 1 
  11  1 1 1 
  12  1 1 1 
  13  1 1 1 
  14  1 1 1 
  15  1 1 1 
  16  1 1 1 
  17  1 1 1 
  18  1 1 1 
  19  1 1 1 
  20  1 1 1 
  21  1 1 1 
  22  1 1 1 
  23  1 1 1 
  24  1 1 1 
  25  1 1 1 
  26  1 1 1 
  27  1 1 1 

0


     0	    2     1     7    24 	4    1 0	2 6 0 0 5 5 0 0 
     1	    0     2     8    23 	4    1 0	2 6 0 0 5 5 0 0 
     2	    3     0     8    15 	4    1 0	2 3 0 0 5 5 0 0 
     3	    4     3     9    16 	4    1 0	2 3 0 0 5 5 0 0 
     4	    2     7     8    29 	4    1 0	2 0 0 0 5 0 0 0 
     5	    3     8     9    30 	4    1 0	2 0 0 0 5 0 0 0 
     6	    4     9    10    31 	4    1 0	2 0 0 0 5 0 0 0 
     7	    8     7     9    30 	4    1 0	2 0 0 0 5 0 0 0 
     8	   10     9    12    31 	4    1 0	2 0 0 0 5 0 0 0 
     9	    7    11     9    32 	4    1 0	2 0 0 0 5 0 0 0 
    10	    9    11    12    32 	4    1 0	2 0 0 0 5 0 0 0 
    11	    5     6    14    22 	4    1 0	3 6 0 0 5 5 0 0 
    12	    6     0    15    23 	4    1 0	3 6 0 0 5 5 0 0 
    13	   13     5    14    34 	4    1 0	3 0 0 0 5 0 0 0 
    14	   14     6    15    23 	4    1 0	3 0 0 0 5 0 0 0 
    15	   15     3    16    30 	4    1 0	3 0 0 0 5 0 0 0 
    16	   16     4    17    31 	4    1 0	3 0 0 0 5 0 0 0 
    17	   13    14    19    36 	4    1 0	3 0 0 0 5 0 0 0 
    18	   14    15    16    30 	4    1 0	3 0 0 0 5 0 0 0 
    19	   16    17    19    31 	4    1 0	3 0 0 0 5 0 0 0 
    20	   18    13    19    37 	4    1 0	3 0 0 0 5 0 0 0 
    21	   19    14    16    38 	4    1 0	3 0 0 0 5 0 0 0 
    22	   18    19    20    39 	4    1 0	3 0 0 0 5 0 0 0 
    23	    5    21    22    34 	4    1 0	6 0 0 0 5 0 0 0 
    24	    6    22    23    14 	4    1 0	6 0 0 0 5 0 0 0 
    25	    2    23    24    29 	4    1 0	6 0 0 0 5 0 0 0 
    26	   22    21    25    34 	4    1 0	6 0 0 0 5 0 0 0 
    27	   23    22    24    29 	4    1 0	6 0 0 0 5 0 0 0 
    28	   34    24    25    22 	4    1 0	0 0 6 0 0 0 5 0 
    29	   28    25    26    43 	4    1 0	0 0 0 0 0 0 0 0 
    30	   26    25    27    43 	4    1 0	6 0 0 0 5 0 0 0 
    31	    7    24     1    28 	4    1 0	0 0 0 0 0 0 0 0 
    32	    2    24     7    29 	4    1 0	0 0 0 0 0 0 0 0 
    33	    8    23     2    29 	4    1 0	0 0 0 0 0 0 0 0 
    34	    0    23     8    15 	4    1 0	0 0 0 0 0 0 0 0 
    35	    3    15     8    30 	4    1 0	0 0 0 0 0 0 0 0 
    36	    9    16     3    30 	4    1 0	0 0 0 0 0 0 0 0 
    37	    4    16     9    31 	4    1 0	0 0 0 0 0 0 0 0 
    38	    8    29     7    30 	4    1 0	0 0 0 0 0 0 0 0 
    39	    7    28    11    32 	4    1 0	0 0 0 0 0 0 0 0 
    40	    9    30     7    32 	4    1 0	0 0 0 0 0 0 0 0 
    41	   12    31     9    32 	4    1 0	0 0 0 0 0 0 0 0 
    42	   12    32    11    33 	4    1 0	0 0 0 0 0 0 0 0 
    43	   13    21     5    34 	4    1 0	0 0 0 0 0 0 0 0 
    44	    5    22    14    34 	4    1 0	0 0 0 0 0 0 0 0 
    45	   13    34    14    36 	4    1 0	0 0 0 0 0 0 0 0 
    46	   14    23    15    29 	4    1 0	0 0 0 0 0 0 0 0 
    47	   18    35    13    37 	4    1 0	0 0 0 0 0 0 0 0 
    48	   19    36    14    38 	4    1 0	0 0 0 0 0 0 0 0 
    49	   13    36    19    37 	4    1 0	0 0 0 0 0 0 0 0 
    50	   14    30    16    38 	4    1 0	0 0 0 0 0 0 0 0 
    51	   15    30    14    29 	4    1 0	0 0 0 0 0 0 0 0 
    52	   16    31    19    38 	4    1 0	0 0 0 0 0 0 0 0 
    53	   18    37    19    39 	4    1 0	0 0 0 0 0 0 0 0 
    54	   23    14    22    29 	4    1 0	0 0 0 0 0 0 0 0 
    55	   25    34    21    41 	4    1 0	0 0 0 0 0 0 0 0 
    56	   34    25    24    42 	4    1 0	0 0 0 0 0 0 0 0 
    57	   34    29    42    24 	4    1 0	0 0 0 0 0 0 0 0 
    58	   28    26    25    24 	4    1 0	0 0 6 0 0 0 5 0 
    59	   28    42    24    25 	4    1 0	0 0 0 0 0 0 0 0 
    60	   27    43    25    41 	4    1 0	0 0 0 0 0 0 0 0 
    61	   26    43    27    40 	4    1 0	0 0 0 0 0 0 0 0 
    62	   24    28     7    29 	4    1 0	0 0 0 0 0 0 0 0 
    63	   23    29     8    15 	4    1 0	0 0 0 0 0 0 0 0 
    64	    8    30    15    29 	4    1 0	0 0 0 0 0 0 0 0 
    65	   16    30     9    31 	4    1 0	0 0 0 0 0 0 0 0 
    66	    7    30    29    32 	4    1 0	0 0 0 0 0 0 0 0 
    67	   28    33    11    32 	4    1 0	0 0 0 0 0 0 0 0 
    68	   28    32     7    29 	4    1 0	0 0 0 0 0 0 0 0 
    69	   30    32     9    31 	4    1 0	0 0 0 0 0 0 0 0 
    70	   31    32    12    44 	4    1 0	0 0 0 0 0 0 0 0 
    71	   32    33    12    44 	4    1 0	0 0 0 0 0 0 0 0 
    72	   14    34    22    29 	4    1 0	0 0 0 0 0 0 0 0 
    73	   14    36    34    38 	4    1 0	0 0 0 0 0 0 0 0 
    74	   41    34    13    36 	4    1 0	0 0 0 0 0 0 0 0 
    75	   13    37    35    36 	4    1 0	0 0 0 0 0 0 0 0 
    76	   36    38    19    45 	4    1 0	0 0 0 0 0 0 0 0 
    77	   19    37    36    45 	4    1 0	0 0 0 0 0 0 0 0 
    78	   16    38    30    31 	4    1 0	0 0 0 0 0 0 0 0 
    79	   29    14    38    30 	4    1 0	0 0 0 0 0 0 0 0 
    80	   14    29    38    34 	4    1 0	0 0 0 0 0 0 0 0 
    81	   19    39    37    45 	4    1 0	0 0 0 0 0 0 0 0 
    82	   52    18    39    37 	4    1 0	0 0 0 0 0 0 0 0 
    83	   13    41    21    34 	4    1 0	0 0 0 0 0 0 0 0 
    84	   34    41    25    42 	4    1 0	0 0 0 0 0 0 0 0 
    85	   29    34    22    24 	4    1 0	0 0 0 0 0 0 0 0 
    86	   29    42    24    28 	4    1 0	0 0 0 0 0 0 0 0 
    87	   42    28    43    25 	4    1 0	0 0 0 0 0 0 0 0 
    88	   28    43    26    40 	4    1 0	0 0 0 0 0 0 0 0 
    89	   25    43    42    41 	4    1 0	0 0 0 0 0 0 0 0 
    90	   43    41    27    46 	4    1 0	0 0 0 0 0 0 0 0 
    91	   27    40    43    46 	4    1 0	0 0 0 0 0 0 0 0 
    92	   38    29    32    42 	4    1 0	0 0 0 0 0 0 0 0 
    93	   33    32    28    49 	4    1 0	0 0 0 0 0 0 0 0 
    94	   32    29    28    42 	4    1 0	0 0 0 0 0 0 0 0 
    95	   32    31    30    38 	4    1 0	0 0 0 0 0 0 0 0 
    96	   32    44    31    38 	4    1 0	0 0 0 0 0 0 0 0 
    97	   33    44    32    50 	4    1 0	0 0 0 0 0 0 0 0 
    98	   35    41    13    36 	4    1 0	0 0 0 0 0 0 0 0 
    99	   52    18    37    35 	4    1 0	0 0 0 0 0 0 0 0 
   100	   38    45    36    53 	4    1 0	0 0 0 0 0 0 0 0 
   101	   36    45    37    52 	4    1 0	0 0 0 0 0 0 0 0 
   102	   29    42    38    34 	4    1 0	0 0 0 0 0 0 0 0 
   103	   37    45    39    52 	4    1 0	0 0 0 0 0 0 0 0 
   104	   41    42    34    53 	4    1 0	0 0 0 0 0 0 0 0 
   105	   28    42    43    32 	4    1 0	0 0 0 0 0 0 0 0 
   106	   43    40    28    49 	4    1 0	0 0 0 0 0 0 0 0 
   107	   42    41    43    53 	4    1 0	0 0 0 0 0 0 0 0 
   108	   41    46    43    53 	4    1 0	0 0 0 0 0 0 0 0 
   109	   43    46    40    49 	4    1 0	0 0 0 0 0 0 0 0 
   110	   29    38    32    30 	4    1 0	0 0 0 0 0 0 0 0 
   111	   28    49    32    43 	4    1 0	0 0 0 0 0 0 0 0 
   112	   32    49    33    50 	4    1 0	0 0 0 0 0 0 0 0 
   113	   44    38    32    53 	4    1 0	0 0 0 0 0 0 0 0 
   114	   33    49    51    50 	4    1 0	0 0 0 0 0 0 0 0 
   115	   32    50    44    53 	4    1 0	0 0 0 0 0 0 0 0 
   116	   34    38    53    42 	4    1 0	0 0 0 0 0 0 0 0 
   117	   38    34    53    36 	4    1 0	0 0 0 0 0 0 0 0 
   118	   36    41    34    53 	4    1 0	0 0 0 0 0 0 0 0 
   119	   35    36    52    41 	4    1 0	0 0 0 0 0 0 0 0 
   120	   36    35    52    37 	4    1 0	0 0 0 0 0 0 0 0 
   121	   36    53    45    52 	4    1 0	0 0 0 0 0 0 0 0 
   122	   45    53    38    44 	4    1 0	0 0 0 0 0 0 0 0 
   123	   39    52    45    54 	4    1 0	0 0 0 0 0 0 0 0 
   124	   43    32    42    53 	4    1 0	0 0 0 0 0 0 0 0 
   125	   43    53    46    49 	4    1 0	0 0 0 0 0 0 0 0 
   126	   46    53    41    52 	4    1 0	0 0 0 0 0 0 0 0 
   127	   32    38    42    53 	4    1 0	0 0 0 0 0 0 0 0 
   128	   53    49    32    50 	4    1 0	0 0 0 0 0 0 0 0 
   129	   49    51    60    48 	4    1 0	0 0 0 0 0 0 0 0 
   130	   49    48    33    51 	4    1 0	0 0 0 0 0 0 0 0 
   131	   44    53    50    45 	4    1 0	0 0 0 0 0 0 0 0 
   132	   49    53    32    43 	4    1 0	0 0 0 0 0 0 0 0 
   133	   49    60    51    50 	4    1 0	0 0 0 0 0 0 0 0 
   134	   41    53    36    52 	4    1 0	0 0 0 0 0 0 0 0 
   135	   45    52    53    50 	4    1 0	0 0 0 0 0 0 0 0 
   136	   45    54    52    50 	4    1 0	0 0 0 0 0 0 0 0 
   137	   46    49    53    50 	4    1 0	0 0 0 0 0 0 0 0 
   138	   53    52    46    50 	4    1 0	0 0 0 0 0 0 0 0 
   139	   64    58    46    60 	4    1 0	0 0 0 0 0 0 0 0 
   140	   51    60    48    63 	4    1 0	0 0 0 0 0 0 0 0 
   141	   49    60    50    46 	4    1 0	0 0 0 0 0 0 0 0 
   142	   50    60    51    64 	4    1 0	0 0 0 0 0 0 0 0 
   143	   59    54    64    50 	4    1 0	0 0 0 0 0 0 0 0 
   144	   58    64    46    59 	4    1 0	0 0 0 0 0 0 0 0 
   145	   59    50    46    52 	4    1 0	0 0 0 0 0 0 0 0 
   146	   59    46    50    64 	4    1 0	0 0 0 0 0 0 0 0 
   147	   58    62    47    65 	4    1 0	0 0 0 0 0 0 0 0 
   148	   60    63    51    64 	4    1 0	0 0 0 0 0 0 0 0 
   149	   50    46    60    64 	4    1 0	0 0 0 0 0 0 0 0 
   150	   54    59    52    50 	4    1 0	0 0 0 0 0 0 0 0 
   151	   54    59    64    62 	4    1 0	0 0 0 0 0 0 0 0 
   152	   55    63    56    65 	4    1 0	0 0 0 0 0 0 0 0 
   153	   58    55    56    65 	4    1 0	0 0 0 0 0 0 0 0 
   154	   61    55    47    65 	4    1 0	0 0 0 0 0 0 0 0 
   155	   59    62    58    64 	4    1 0	0 0 0 0 0 0 0 0 
   156	   60    64    58    65 	4    1 0	0 0 0 0 0 0 0 0 
   157	   58    56    60    65 	4    1 0	0 0 0 0 0 0 0 0 
   158	   47    62    61    65 	4    1 0	0 0 0 0 0 0 0 0 
   159	   55    58    47    65 	4    1 0	0 0 0 0 0 0 0 0 
   160	   62    65    58    64 	4    1 0	0 0 0 0 0 0 0 0 
   161	   56    63    60    65 	4    1 0	0 0 0 0 0 0 0 0 
   162	   63    64    60    65 	4    1 0	0 0 0 0 0 0 0 0 
   163	   54    64    61    62 	4    1 0	0 0 0 0 0 0 0 0 
   164	   61    63    57    55 	4    1 0	0 0 0 0 0 0 0 0 
   165	   63    61    65    55 	4    1 0	0 0 0 0 0 0 0 0 
   166	   61    65    62    64 	4    1 0	0 0 0 0 0 0 0 0 
   167	   64    65    63    61 	4    1 0	0 0 0 0 0 0 0 0 

     0 0 0 0 0
     1 0 0 0 0
     2 0 0 0 0
     3 0 0 0 0
     4 0 0 0 0
     5 0 0 0 0
     6 0 0 0 0
     7 0 0 0 0
     8 0 0 0 0
     9 0 0 0 0
    10 0 0 0 0
    11 0 0 0 0
    12 0 0 0 0
    13 0 0 0 0
    14 0 0 0 0
    15 0 0 0 0
    16 0 0 0 0
    17 0 0 0 0
    18 0 0 0 0
    19 0 0 0 0
    20 0 0 0 0
    21 0 0 0 0
    22 0 0 0 0
    23 0 0 0 0
    24 0 0 0 0
    25 0 0 0 0
    26 0 0 0 0
    27 0 0 0 0
    28 0 0 0 0
    29 0 0 0 0
    30 0 0 0 0
    31 0 0 0 0
    32 0 0 0 0
    33 0 0 0 0
    34 0 0 0 0
    35 0 0 0 0
    36 0 0 0 0
    37 0 0 0 0
    38 0 0 0 0
    39 0 0 0 0
    40 0 0 0 0
    41 0 0 0 0
    42 0 0 0 0
    43 0 0 0 0
    44 0 0 0 0
    45 0 0 0 0
    46 0 0 0 0
    47 0 0 0 0
    48 0 0 0 0
    49 0 0 0 0
    50 0 0 0 0
    51 0 0 0 0
    52 0 0 0 0
    53 0 0 0 0
    54 0 0 0 0
    55 0 0 0 0
    56 0 0 0 0
    57 0 0 0 0
    58 0 0 0 0
    59 0 0 0 0
    60 0 0 0 0
    61 0 0 0 0
    62 0 0 0 0
    63 0 0 0 0
    64 0 0 0 0
    65 0 0 0 0
    66 0 0 0 0
    67 0 0 0 0
    68 0 0 0 0
    69 0 0 0 0
    70 0 0 0 0
    71 0 0 0 0
    72 0 0 0 0
    73 0 0 0 0
    74 0 0 0 0
    75 0 0 0 0
    76 0 0 0 0
    77 0 0 0 0
    78 0 0 0 0
    79 0 0 0 0
    80 0 0 0 0
    81 0 0 0 0
    82 0 0 0 0
    83 0 0 0 0
    84 0 0 0 0
    85 0 0 0 0
    86 0 0 0 0
    87 0 0 0 0
    88 0 0 0 0
    89 0 0 0 0
    90 0 0 0 0
    91 0 0 0 0
    92 0 0 0 0
    93 0 0 0 0
    94 0 0 0 0
    95 0 0 0 0
    96 0 0 0 0
    97 0 0 0 0
    98 0 0 0 0
    99 0 0 0 0
   100 0 0 0 0
   101 0 0 0 0
   102 0 0 0 0
   103 0 0 0 0
   104 0 0 0 0
   105 0 0 0 0
   106 0 0 0 0
   107 0 0 0 0
   108 0 0 0 0
   109 0 0 0 0
   110 0 0 0 0
   111 0 0 0 0
   112 0 0 0 0
   113 0 0 0 0
   114 0 0 0 0
   115 0 0 0 0
   116 0 0 0 0
   117 0 0 0 0
   118 0 0 0 0
   119 0 0 0 0
   120 0 0 0 0
   121 0 0 0 0
   122 0 0 0 0
   123 0 0 0 0
   124 0 0 0 0
   125 0 0 0 0
   126 0 0 0 0
   127 0 0 0 0
   128 0 0 0 0
   129 0 0 0 0
   130 0 0 0 0
   131 0 0 0 0
   132 0 0 0 0
   133 0 0 0 0
   134 0 0 0 0
   135 0 0 0 0
   136 0 0 0 0
   137 0 0 0 0
   138 0 0 0 0
   139 0 0 0 0
   140 0 0 0 0
   141 0 0 0 0
   142 0 0 0 0
   143 0 0 0 0
   144 0 0 0 0
   145 0 0 0 0
   146 0 0 0 0
   147 0 0 0 0
   148 0 0 0 0
   149 0 0 0 0
   150 0 0 0 0
   151 0 0 0 0
   152 0 0 0 0
   153 0 0 0 0
   154 0 0 0 0
   155 0 0 0 0
   156 0 0 0 0
   157 0 0 0 0
   158 0 0 0 0
   159 0 0 0 0
   160 0 0 0 0
   161 0 0 0 0
   162 0 0 0 0
   163 0 0 0 0
   164 0 0 0 0
   165 0 0 0 0
   166 0 0 0 0
   167 0 0 0 0


  1.00000000e+08   1.00000000e+06   1.00000000e+06   4.00000000e+06   0.00000000e+00   0.00000000e+00   2.50000000e-01   0.00000000e+00   0.00000000e+00   1.00000000e+00   1.00000000e+00   1.00000000e+00   1.70000000e+03 	2 1 

1 
1 0 0 	0 1 0 	0 0 1 

0 0.5 0.5

0

0

0
