62 3 168

300 1e-06 1e-15

1 1 1

4 4 4 4 4 4 4 4 4 4 4 4 4 4 4 4 4 4 4 4 4 4 4 4 4 4 4 4 4 4 4 4 4 4 4 4 4 4 4 4 4 4 4 4 4 4 4 4 4 4 4 4 4 4 4 4 4 4 4 4 4 4 4 4 4 4 4 4 4 4 4 4 4 4 4 4 4 4 4 4 4 4 4 4 4 4 4 4 4 4 4 4 4 4 4 4 4 4 4 4 4 4 4 4 4 4 4 4 4 4 4 4 4 4 4 4 4 4 4 4 4 4 4 4 4 4 4 4 4 4 4 4 4 4 4 4 4 4 4 4 4 4 4 4 4 4 4 4 4 4 4 4 4 4 4 4 4 4 4 4 4 4 4 4 4 4 4 4 

  -1    5    0	  1.00000000e+00   0.00000000e+00   1.00000000e+00 	1    6 0
   4    4    1	  6.00000000e-01   0.00000000e+00   1.00000000e+00 	2    5 0
  -1    5    2	  8.00000000e-01   0.00000000e+00   1.00000000e+00 	2    5 0
  -1    5    3	  1.00000000e+00   2.00000000e-01   1.00000000e+00 	2    6 0
  -1    5    4	  1.00000000e+00   4.00000000e-01   1.00000000e+00 	2    6 0
   5    7    5	  1.00000000e+00   6.00000000e-01   1.00000000e+00 	2    6 0
   9    1    6	  1.00000000e+00   0.00000000e+00   6.00000000e-01 	2   10 0
  -1    5    7	  1.00000000e+00   0.00000000e+00   8.00000000e-01 	2   10 0
  21    4    8	  5.03869000e-01   1.71104800e-01   1.00000000e+00 	5    2 0
  -1    5    9	  7.04873900e-01   1.60788800e-01   1.00000000e+00 	5    2 0
  -1    5   10	  8.68153800e-01   1.30815200e-01   1.00000000e+00 	5    2 0
  -1    5   11	  8.35563200e-01   2.93433600e-01   1.00000000e+00 	5    2 0
  -1    5   12	  8.18927200e-01   4.99565600e-01   1.00000000e+00 	5    2 0
  22    7   13	  8.35603500e-01   7.05854600e-01   1.00000000e+00 	5    2 0
  25    4   14	  3.94253900e-01   3.36163400e-01   1.00000000e+00 	5    2 0
  -1    5   15	  6.21014800e-01   3.69613900e-01   1.00000000e+00 	5    2 0
  26    4   16	  6.21023700e-01   6.28681300e-01   1.00000000e+00 	5    2 0
  29    5   17	  4.65323600e-01   4.98883600e-01   1.00000000e+00 	5    2 0
  -1    5   18	  1.00000000e+00   1.36028800e-01   8.63472600e-01 	5    4 0
  -1    5   19	  1.00000000e+00   1.60810600e-01   6.97279700e-01 	5    4 0
  40    3   20	  1.00000000e+00   1.71898600e-01   4.95737300e-01 	5    4 0
  41    5   21	  1.00000000e+00   5.00206200e-01   8.69473300e-01 	5    4 0
  -1    5   22	  1.00000000e+00   3.19333200e-01   8.20083500e-01 	5    4 0
  44    5   23	  1.00000000e+00   3.37578600e-01   6.04935700e-01 	5    4 0
  45    7   24	  1.00000000e+00   5.00507600e-01   7.08031500e-01 	5    4 0
  46    5   25	  1.00000000e+00   5.00801400e-01   5.33965700e-01 	5    4 0
  48    5   26	  4.95930500e-01   0.00000000e+00   8.28213200e-01 	5    5 0
  -1    5   27	  6.97349900e-01   0.00000000e+00   8.39142700e-01 	5    5 0
  -1    5   28	  8.63422500e-01   0.00000000e+00   8.63893600e-01 	5    5 0
  50    5   29	  8.20434700e-01   0.00000000e+00   6.80613400e-01 	5    5 0
  53    4   30	  6.05238000e-01   0.00000000e+00   6.62475100e-01 	5    5 0
  72    5   31	  4.30505400e-01   1.72825600e-01   8.44948000e-01 	4    1 0
  -1    5   32	  6.02682000e-01   1.15330400e-01   8.43306100e-01 	4    1 0
  -1    5   33	  7.92301800e-01   1.28115500e-01   8.59378300e-01 	4    1 0
  -1    5   34	  8.74619000e-01   2.37504300e-01   8.46291100e-01 	4    1 0
  -1    5   35	  8.64442800e-01   4.14380500e-01   8.61441900e-01 	4    1 0
  73    5   36	  8.81893500e-01   5.87985200e-01   8.20089300e-01 	4    1 0
  -1    5   37	  5.96939700e-01   2.31396900e-01   8.40009700e-01 	4    1 0
  -1    5   38	  6.93201900e-01   4.23367800e-01   8.59197600e-01 	4    1 0
  76    5   39	  7.53350800e-01   5.55830700e-01   8.35463700e-01 	4    1 0
  77    4   40	  3.36445300e-01   3.55844200e-01   8.34986200e-01 	4    1 0
  -1    5   41	  7.20535400e-01   2.91500000e-01   8.49724800e-01 	4    1 0
  -1    5   42	  6.75389800e-01   5.20873900e-01   8.97333100e-01 	4    1 0
  -1    5   43	  5.23045800e-01   3.84276900e-01   8.44358200e-01 	4    1 0
  -1    5   44	  5.92467700e-01   5.02085700e-01   8.90888500e-01 	4    1 0
  78    5   45	  4.70175600e-01   5.78903700e-01   8.46142800e-01 	4    1 0
  85    3   46	  8.20705500e-01   1.59785500e-01   5.60991600e-01 	4    1 0
  86    5   47	  8.15689500e-01   3.80461500e-01   7.13220600e-01 	4    1 0
  88    1   48	  8.39554500e-01   4.02124600e-01   5.05591500e-01 	4    1 0
  91    0   49	  5.21172600e-01   1.79215600e-01   6.62017800e-01 	4    1 0
  -1    5   50	  7.14654400e-01   1.81650300e-01   7.25254000e-01 	4    1 0
  93    0   51	  6.45076000e-01   1.30954700e-01   5.55451500e-01 	4    1 0
 101    7   52	  6.25951000e-01   6.07769200e-01   8.31097700e-01 	4    1 0
 111    5   53	  4.46881700e-01   3.03778900e-01   7.28991600e-01 	4    1 0
  -1    5   54	  5.89575800e-01   3.50636800e-01   7.19764900e-01 	4    1 0
 112    7   55	  6.33210100e-01   5.08323000e-01   7.41185500e-01 	4    1 0
 115    5   56	  5.15539700e-01   5.07440500e-01   6.95836300e-01 	4    1 0
 119    7   57	  6.59872800e-01   3.13218000e-01   5.39863100e-01 	4    1 0
 122    4   58	  4.66922500e-01   3.39142900e-01   5.77524800e-01 	4    1 0
 123    6   59	  5.17425100e-01   3.30873100e-01   4.40583100e-01 	4    1 0
 127    5   60	  4.42487400e-01   4.45102200e-01   6.96531100e-01 	4    1 0
 131    5   61	  5.55200000e-01   4.47182800e-01   5.79656700e-01 	4    1 0

31
   0  1 1 1 
   1  1 1 1 
   2  1 1 1 
   3  1 1 1 
   4  1 1 1 
   5  1 1 1 
   6  1 1 1 
   7  1 1 1 
   8  1 1 1 
   9  1 1 1 
  10  1 1 1 
  11  1 1 1 
  12  1 1 1 
  13  1 1 1 
  14  1 1 1 
  15  1 1 1 
  16  1 1 1 
  17  1 1 1 
  18  1 1 1 
  19  1 1 1 
  20  1 1 1 
  21  1 1 1 
  22  1 1 1 
  23  1 1 1 
  24  1 1 1 
  25  1 1 1 
  26  1 1 1 
  27  1 1 1 
  28  1 1 1 
  29  1 1 1 
  30  1 1 1 

0


     0	    2     1     9    27 	4    1 0	2 5 0 0 5 5 0 0 
     1	    0     2    10    28 	4    1 0	2 5 0 0 5 5 0 0 
     2	    3     0    10    18 	4    1 0	2 4 0 0 5 5 0 0 
     3	    4     3    11    22 	4    1 0	2 4 0 0 5 5 0 0 
     4	    5     4    12    21 	4    1 0	2 4 0 0 5 5 0 0 
     5	    1     8     9    32 	4    1 0	2 0 0 0 5 0 0 0 
     6	    2     9    10    33 	4    1 0	2 0 0 0 5 0 0 0 
     7	    3    10    11    34 	4    1 0	2 0 0 0 5 0 0 0 
     8	    4    11    12    35 	4    1 0	2 0 0 0 5 0 0 0 
     9	    5    12    13    36 	4    1 0	2 0 0 0 5 0 0 0 
    10	    9     8    15    37 	4    1 0	2 0 0 0 5 0 0 0 
    11	   10     9    11    33 	4    1 0	2 0 0 0 5 0 0 0 
    12	   12    11    15    38 	4    1 0	2 0 0 0 5 0 0 0 
    13	   13    12    16    39 	4    1 0	2 0 0 0 5 0 0 0 
    14	   43     8    15    14 	4    1 0	0 0 2 0 0 0 5 0 
    15	    9    15    11    41 	4    1 0	2 0 0 0 5 0 0 0 
    16	   12    15    16    42 	4    1 0	2 0 0 0 5 0 0 0 
    17	   15    14    17    43 	4    1 0	2 0 0 0 5 0 0 0 
    18	   16    15    17    44 	4    1 0	2 0 0 0 5 0 0 0 
    19	    7     0    10    28 	4    1 0	0 5 0 0 0 5 0 0 
    20	    6     7    19    29 	4    1 0	4 5 0 0 5 5 0 0 
    21	   33    19    18     7 	4    1 0	0 0 4 0 0 0 5 0 
    22	    6    19    20    46 	4    1 0	4 0 0 0 5 0 0 0 
    23	    4    21    22    35 	4    1 0	4 0 0 0 5 0 0 0 
    24	    3    22    18    34 	4    1 0	4 0 0 0 5 0 0 0 
    25	   19    18    22    34 	4    1 0	4 0 0 0 5 0 0 0 
    26	   20    19    23    46 	4    1 0	4 0 0 0 5 0 0 0 
    27	   23    22    24    47 	4    1 0	4 0 0 0 5 0 0 0 
    28	   19    22    23    47 	4    1 0	4 0 0 0 5 0 0 0 
    29	   22    21    24    35 	4    1 0	4 0 0 0 5 0 0 0 
    30	   23    24    25    47 	4    1 0	4 0 0 0 5 0 0 0 
    31	   26     1    27    32 	4    1 0	5 0 0 0 5 0 0 0 
    32	   27     2    28    33 	4    1 0	5 0 0 0 5 0 0 0 
    33	   28     7    29    33 	4    1 0	5 0 0 0 5 0 0 0 
    34	   26    27    30    32 	4    1 0	5 0 0 0 5 0 0 0 
    35	   27    28    29    33 	4    1 0	5 0 0 0 5 0 0 0 
    36	   30    27    29    50 	4    1 0	5 0 0 0 5 0 0 0 
    37	    1    26     8    32 	4    1 0	0 0 0 0 0 0 0 0 
    38	    9    27     1    32 	4    1 0	0 0 0 0 0 0 0 0 
    39	    2    27     9    33 	4    1 0	0 0 0 0 0 0 0 0 
    40	   10    28     2    33 	4    1 0	0 0 0 0 0 0 0 0 
    41	    7    10     0    18 	4    1 0	0 0 0 4 0 0 0 5 
    42	    3    18    10    34 	4    1 0	0 0 0 0 0 0 0 0 
    43	   11    22     3    34 	4    1 0	0 0 0 0 0 0 0 0 
    44	    4    22    11    35 	4    1 0	0 0 0 0 0 0 0 0 
    45	   12    21     4    35 	4    1 0	0 0 0 0 0 0 0 0 
    46	    5    21    12    36 	4    1 0	0 0 0 0 0 0 0 0 
    47	    9    32     8    37 	4    1 0	0 0 0 0 0 0 0 0 
    48	   11    34    10    33 	4    1 0	0 0 0 0 0 0 0 0 
    49	   12    35    11    38 	4    1 0	0 0 0 0 0 0 0 0 
    50	   13    36    12    39 	4    1 0	0 0 0 0 0 0 0 0 
    51	    8    31    14    43 	4    1 0	0 0 0 0 0 0 0 0 
    52	    9    37    15    41 	4    1 0	0 0 0 0 0 0 0 0 
    53	   11    33     9    41 	4    1 0	0 0 0 0 0 0 0 0 
    54	   15    38    11    41 	4    1 0	0 0 0 0 0 0 0 0 
    55	   12    38    15    42 	4    1 0	0 0 0 0 0 0 0 0 
    56	   16    39    12    42 	4    1 0	0 0 0 0 0 0 0 0 
    57	    8    43    15    37 	4    1 0	0 0 0 0 0 0 0 0 
    58	   16    42    15    44 	4    1 0	0 0 0 0 0 0 0 0 
    59	   17    43    14    40 	4    1 0	0 0 0 0 0 0 0 0 
    60	   15    43    17    44 	4    1 0	0 0 0 0 0 0 0 0 
    61	   16    44    17    45 	4    1 0	0 0 0 0 0 0 0 0 
    62	   33    10    18    34 	4    1 0	0 0 0 0 0 0 0 0 
    63	   19    29     7    33 	4    1 0	0 0 0 0 0 0 0 0 
    64	    6    29    19    46 	4    1 0	0 0 0 0 0 0 0 0 
    65	   19    33    18    34 	4    1 0	0 0 0 0 0 0 0 0 
    66	   19    34    22    47 	4    1 0	0 0 0 0 0 0 0 0 
    67	   23    46    19    47 	4    1 0	0 0 0 0 0 0 0 0 
    68	   21    36    24    35 	4    1 0	0 0 0 0 0 0 0 0 
    69	   24    47    22    35 	4    1 0	0 0 0 0 0 0 0 0 
    70	   25    48    23    47 	4    1 0	0 0 0 0 0 0 0 0 
    71	   30    32    27    50 	4    1 0	0 0 0 0 0 0 0 0 
    72	   26    32    30    49 	4    1 0	0 0 0 0 0 0 0 0 
    73	   27    33    29    50 	4    1 0	0 0 0 0 0 0 0 0 
    74	   46    50    51    30 	4    1 0	0 0 0 0 0 0 0 0 
    75	   26    31     8    32 	4    1 0	0 0 0 0 0 0 0 0 
    76	   27    32     9    33 	4    1 0	0 0 0 0 0 0 0 0 
    77	   33    18    10     7 	4    1 0	0 0 0 0 0 0 0 0 
    78	   33     7    10    28 	4    1 0	0 0 0 0 0 0 0 0 
    79	   22    34    11    35 	4    1 0	0 0 0 0 0 0 0 0 
    80	   21    35    12    36 	4    1 0	0 0 0 0 0 0 0 0 
    81	    8    37    32    31 	4    1 0	0 0 0 0 0 0 0 0 
    82	   37     9    33    41 	4    1 0	0 0 0 0 0 0 0 0 
    83	   34    33    11    41 	4    1 0	0 0 0 0 0 0 0 0 
    84	   41    35    11    34 	4    1 0	0 0 0 0 0 0 0 0 
    85	   35    38    12    39 	4    1 0	0 0 0 0 0 0 0 0 
    86	   12    39    36    35 	4    1 0	0 0 0 0 0 0 0 0 
    87	   31    40    14    43 	4    1 0	0 0 0 0 0 0 0 0 
    88	   31    43     8    37 	4    1 0	0 0 0 0 0 0 0 0 
    89	   15    41    37    43 	4    1 0	0 0 0 0 0 0 0 0 
    90	   37    33     9    32 	4    1 0	0 0 0 0 0 0 0 0 
    91	   35    41    11    38 	4    1 0	0 0 0 0 0 0 0 0 
    92	   38    41    15    43 	4    1 0	0 0 0 0 0 0 0 0 
    93	   15    42    38    44 	4    1 0	0 0 0 0 0 0 0 0 
    94	   38    42    12    39 	4    1 0	0 0 0 0 0 0 0 0 
    95	   39    42    16    52 	4    1 0	0 0 0 0 0 0 0 0 
    96	   42    44    16    52 	4    1 0	0 0 0 0 0 0 0 0 
    97	   43    40    17    45 	4    1 0	0 0 0 0 0 0 0 0 
    98	   17    44    43    45 	4    1 0	0 0 0 0 0 0 0 0 
    99	   43    44    15    38 	4    1 0	0 0 0 0 0 0 0 0 
   100	   44    45    16    52 	4    1 0	0 0 0 0 0 0 0 0 
   101	   50    29    19    33 	4    1 0	0 0 0 0 0 0 0 0 
   102	   50    47    19    46 	4    1 0	0 0 0 0 0 0 0 0 
   103	   22    47    34    35 	4    1 0	0 0 0 0 0 0 0 0 
   104	   34    50    19    33 	4    1 0	0 0 0 0 0 0 0 0 
   105	   46    47    23    48 	4    1 0	0 0 0 0 0 0 0 0 
   106	   24    35    36    47 	4    1 0	0 0 0 0 0 0 0 0 
   107	   26    49    31    32 	4    1 0	0 0 0 0 0 0 0 0 
   108	   27    50    32    33 	4    1 0	0 0 0 0 0 0 0 0 
   109	   32    50    30    49 	4    1 0	0 0 0 0 0 0 0 0 
   110	   29    50    19    46 	4    1 0	0 0 0 0 0 0 0 0 
   111	   50    46    29    30 	4    1 0	0 0 0 0 0 0 0 0 
   112	   50    51    30    49 	4    1 0	0 0 0 0 0 0 0 0 
   113	   32    31    37    49 	4    1 0	0 0 0 0 0 0 0 0 
   114	   34    41    50    33 	4    1 0	0 0 0 0 0 0 0 0 
   115	   38    39    35    47 	4    1 0	0 0 0 0 0 0 0 0 
   116	   36    35    39    47 	4    1 0	0 0 0 0 0 0 0 0 
   117	   40    43    31    53 	4    1 0	0 0 0 0 0 0 0 0 
   118	   43    37    31    53 	4    1 0	0 0 0 0 0 0 0 0 
   119	   37    43    41    54 	4    1 0	0 0 0 0 0 0 0 0 
   120	   41    43    38    54 	4    1 0	0 0 0 0 0 0 0 0 
   121	   38    44    42    55 	4    1 0	0 0 0 0 0 0 0 0 
   122	   42    39    38    55 	4    1 0	0 0 0 0 0 0 0 0 
   123	   42    52    39    55 	4    1 0	0 0 0 0 0 0 0 0 
   124	   44    52    42    55 	4    1 0	0 0 0 0 0 0 0 0 
   125	   55    45    43    44 	4    1 0	0 0 0 0 0 0 0 0 
   126	   38    43    55    54 	4    1 0	0 0 0 0 0 0 0 0 
   127	   34    35    47    41 	4    1 0	0 0 0 0 0 0 0 0 
   128	   34    19    50    47 	4    1 0	0 0 0 0 0 0 0 0 
   129	   47    48    46    57 	4    1 0	0 0 0 0 0 0 0 0 
   130	   37    50    41    33 	4    1 0	0 0 0 0 0 0 0 0 
   131	   50    49    32    37 	4    1 0	0 0 0 0 0 0 0 0 
   132	   51    50    46    57 	4    1 0	0 0 0 0 0 0 0 0 
   133	   57    50    49    51 	4    1 0	0 0 0 0 0 0 0 0 
   134	   37    49    31    53 	4    1 0	0 0 0 0 0 0 0 0 
   135	   50    37    32    33 	4    1 0	0 0 0 0 0 0 0 0 
   136	   41    34    50    47 	4    1 0	0 0 0 0 0 0 0 0 
   137	   35    41    38    47 	4    1 0	0 0 0 0 0 0 0 0 
   138	   39    47    38    55 	4    1 0	0 0 0 0 0 0 0 0 
   139	   60    40    53    43 	4    1 0	0 0 0 0 0 0 0 0 
   140	   37    53    43    54 	4    1 0	0 0 0 0 0 0 0 0 
   141	   37    54    41    50 	4    1 0	0 0 0 0 0 0 0 0 
   142	   41    54    38    47 	4    1 0	0 0 0 0 0 0 0 0 
   143	   43    38    55    44 	4    1 0	0 0 0 0 0 0 0 0 
   144	   55    45    44    52 	4    1 0	0 0 0 0 0 0 0 0 
   145	   45    40    60    43 	4    1 0	0 0 0 0 0 0 0 0 
   146	   45    55    43    56 	4    1 0	0 0 0 0 0 0 0 0 
   147	   45    56    43    60 	4    1 0	0 0 0 0 0 0 0 0 
   148	   46    50    47    57 	4    1 0	0 0 0 0 0 0 0 0 
   149	   49    37    50    54 	4    1 0	0 0 0 0 0 0 0 0 
   150	   50    57    49    54 	4    1 0	0 0 0 0 0 0 0 0 
   151	   49    53    37    54 	4    1 0	0 0 0 0 0 0 0 0 
   152	   38    55    47    54 	4    1 0	0 0 0 0 0 0 0 0 
   153	   43    54    53    60 	4    1 0	0 0 0 0 0 0 0 0 
   154	   47    50    54    57 	4    1 0	0 0 0 0 0 0 0 0 
   155	   50    47    54    41 	4    1 0	0 0 0 0 0 0 0 0 
   156	   43    56    55    54 	4    1 0	0 0 0 0 0 0 0 0 
   157	   56    54    43    60 	4    1 0	0 0 0 0 0 0 0 0 
   158	   58    53    49    54 	4    1 0	0 0 0 0 0 0 0 0 
   159	   49    57    58    54 	4    1 0	0 0 0 0 0 0 0 0 
   160	   47    54    55    57 	4    1 0	0 0 0 0 0 0 0 0 
   161	   53    60    54    58 	4    1 0	0 0 0 0 0 0 0 0 
   162	   61    55    54    57 	4    1 0	0 0 0 0 0 0 0 0 
   163	   58    57    59    61 	4    1 0	0 0 0 0 0 0 0 0 
   164	   54    57    58    61 	4    1 0	0 0 0 0 0 0 0 0 
   165	   55    61    54    56 	4    1 0	0 0 0 0 0 0 0 0 
   166	   54    60    61    58 	4    1 0	0 0 0 0 0 0 0 0 
   167	   60    54    61    56 	4    1 0	0 0 0 0 0 0 0 0 

     0 0 0 0 0
     1 0 0 0 0
     2 0 0 0 0
     3 0 0 0 0
     4 0 0 0 0
     5 0 0 0 0
     6 0 0 0 0
     7 0 0 0 0
     8 0 0 0 0
     9 0 0 0 0
    10 0 0 0 0
    11 0 0 0 0
    12 0 0 0 0
    13 0 0 0 0
    14 0 0 0 0
    15 0 0 0 0
    16 0 0 0 0
    17 0 0 0 0
    18 0 0 0 0
    19 0 0 0 0
    20 0 0 0 0
    21 0 0 0 0
    22 0 0 0 0
    23 0 0 0 0
    24 0 0 0 0
    25 0 0 0 0
    26 0 0 0 0
    27 0 0 0 0
    28 0 0 0 0
    29 0 0 0 0
    30 0 0 0 0
    31 0 0 0 0
    32 0 0 0 0
    33 0 0 0 0
    34 0 0 0 0
    35 0 0 0 0
    36 0 0 0 0
    37 0 0 0 0
    38 0 0 0 0
    39 0 0 0 0
    40 0 0 0 0
    41 0 0 0 0
    42 0 0 0 0
    43 0 0 0 0
    44 0 0 0 0
    45 0 0 0 0
    46 0 0 0 0
    47 0 0 0 0
    48 0 0 0 0
    49 0 0 0 0
    50 0 0 0 0
    51 0 0 0 0
    52 0 0 0 0
    53 0 0 0 0
    54 0 0 0 0
    55 0 0 0 0
    56 0 0 0 0
    57 0 0 0 0
    58 0 0 0 0
    59 0 0 0 0
    60 0 0 0 0
    61 0 0 0 0
    62 0 0 0 0
    63 0 0 0 0
    64 0 0 0 0
    65 0 0 0 0
    66 0 0 0 0
    67 0 0 0 0
    68 0 0 0 0
    69 0 0 0 0
    70 0 0 0 0
    71 0 0 0 0
    72 0 0 0 0
    73 0 0 0 0
    74 0 0 0 0
    75 0 0 0 0
    76 0 0 0 0
    77 0 0 0 0
    78 0 0 0 0
    79 0 0 0 0
    80 0 0 0 0
    81 0 0 0 0
    82 0 0 0 0
    83 0 0 0 0
    84 0 0 0 0
    85 0 0 0 0
    86 0 0 0 0
    87 0 0 0 0
    88 0 0 0 0
    89 0 0 0 0
    90 0 0 0 0
    91 0 0 0 0
    92 0 0 0 0
    93 0 0 0 0
    94 0 0 0 0
    95 0 0 0 0
    96 0 0 0 0
    97 0 0 0 0
    98 0 0 0 0
    99 0 0 0 0
   100 0 0 0 0
   101 0 0 0 0
   102 0 0 0 0
   103 0 0 0 0
   104 0 0 0 0
   105 0 0 0 0
   106 0 0 0 0
   107 0 0 0 0
   108 0 0 0 0
   109 0 0 0 0
   110 0 0 0 0
   111 0 0 0 0
   112 0 0 0 0
   113 0 0 0 0
   114 0 0 0 0
   115 0 0 0 0
   116 0 0 0 0
   117 0 0 0 0
   118 0 0 0 0
   119 0 0 0 0
   120 0 0 0 0
   121 0 0 0 0
   122 0 0 0 0
   123 0 0 0 0
   124 0 0 0 0
   125 0 0 0 0
   126 0 0 0 0
   127 0 0 0 0
   128 0 0 0 0
   129 0 0 0 0
   130 0 0 0 0
   131 0 0 0 0
   132 0 0 0 0
   133 0 0 0 0
   134 0 0 0 0
   135 0 0 0 0
   136 0 0 0 0
   137 0 0 0 0
   138 0 0 0 0
   139 0 0 0 0
   140 0 0 0 0
   141 0 0 0 0
   142 0 0 0 0
   143 0 0 0 0
   144 0 0 0 0
   145 0 0 0 0
   146 0 0 0 0
   147 0 0 0 0
   148 0 0 0 0
   149 0 0 0 0
   150 0 0 0 0
   151 0 0 0 0
   152 0 0 0 0
   153 0 0 0 0
   154 0 0 0 0
   155 0 0 0 0
   156 0 0 0 0
   157 0 0 0 0
   158 0 0 0 0
   159 0 0 0 0
   160 0 0 0 0
   161 0 0 0 0
   162 0 0 0 0
   163 0 0 0 0
   164 0 0 0 0
   165 0 0 0 0
   166 0 0 0 0
   167 0 0 0 0


  1.00000000e+08   1.00000000e+06   1.00000000e+06   4.00000000e+06   0.00000000e+00   0.00000000e+00   2.50000000e-01   0.00000000e+00   0.00000000e+00   1.00000000e+00   1.00000000e+00   1.00000000e+00   1.70000000e+03 	2 1 

1 
1 0 0 	0 1 0 	0 0 1 

0 0.5 0.5

0

0

0
