32 3 53

10000 1e-05 1e-15

2 1 1

4 4 4 4 4 4 4 4 4 4 4 4 4 4 4 4 4 4 4 4 4 4 4 4 4 4 4 4 4 4 4 4 4 4 4 4 4 4 4 4 4 4 4 4 4 4 4 4 4 4 4 4 4 

   1    1    0	  5.00000000e-01   6.12303200e-19  -2.99833300e-01 	1    8 0
   2    4    1	  1.90000000e-01  -1.83690900e-17   0.00000000e+00 	1    9 0
  -1    0    2	  5.00000000e-01   5.00000000e-01  -5.00000000e-01 	1   11 0
   3    3    3	 -2.48960400e-01   1.59835400e-17   1.47845700e-01 	2    9 0
   4    3    4	 -2.48960400e-01   1.59835400e-17  -1.47845700e-01 	2    9 0
   6    3    5	  5.00000000e-01   2.59247900e-01  -1.50633700e-01 	2   13 0
   7    2    6	  2.81433500e-01  -1.27705900e-17   2.15638600e-01 	2   14 0
   8    0    7	  2.81433500e-01  -1.27705900e-17  -2.15638600e-01 	2   15 0
   9    2    8	  5.00000000e-01   5.00000000e-01   1.11022300e-16 	2   16 0
  52    0    9	  5.00000000e-01   5.00000000e-01  -2.50000000e-01 	2   16 0
  12    2   10	  5.00000000e-01   2.50000000e-01  -5.00000000e-01 	2   21 0
  11    0   11	  5.00000000e-01   0.00000000e+00  -5.00000000e-01 	2   21 0
  14    6   12	  2.50000000e-01   5.00000000e-01  -5.00000000e-01 	2   25 0
  13    2   13	  1.11022300e-16   5.00000000e-01  -5.00000000e-01 	2   25 0
  16    7   14	  5.00000000e-01   0.00000000e+00   2.77555800e-17 	5    2 0
  17    0   15	  2.92574600e-01   5.00000000e-01  -6.53746500e-02 	5    4 0
  18    1   16	  1.66408600e-01   5.00000000e-01  -2.62256600e-01 	5    4 0
  21    0   17	  2.04323400e-02   5.00000000e-01   1.95983200e-02 	5    4 0
  23    2   18	  1.42015900e-01   2.59974700e-01  -5.00000000e-01 	5    8 0
  30    0   19	  2.76624900e-01   6.57257900e-02  -5.00000000e-01 	5    8 0
  26    7   20	 -2.07327800e-02  -1.83814500e-02  -5.00000000e-01 	5    8 0
  -1    0   21	  2.55241600e-01   1.51487100e-01  -1.09270900e-01 	6    3 0
  32    0   22	  2.71362100e-01   2.02865500e-01   3.22966100e-02 	6    3 0
  35    1   23	  2.60788400e-01   2.49630200e-01  -2.85873600e-01 	4    3 0
  37    0   24	  9.00759500e-02   2.86875600e-01  -7.35445600e-02 	4    3 0
  38    3   25	 -1.29761000e-01   3.14331000e-01  -1.09533100e-01 	4    3 0
  42    2   26	  7.77946600e-02  -7.51893500e-02   2.81700000e-01 	4    3 0
  46    4   27	  6.06290400e-03  -1.25652100e-01   4.55613100e-02 	4    3 0
  47    2   28	 -6.06080500e-02   1.03781000e-01  -3.66721300e-02 	4    3 0
  48    0   29	  6.71221300e-02   1.28756600e-01  -1.86222200e-01 	4    3 0
  49    0   30	  5.35525300e-02   1.24211700e-01   1.39104300e-01 	4    3 0
  50    1   31	  2.63036100e-02  -1.03016600e-01  -1.66994500e-01 	4    3 0

1
   2  1 1 1 

9
0 0 0 0 0 0 0 0 0 

     0	    5     0    14     7 	4    2 1	2 3 0 0 5 6 0 0 
     1	    1     7    21    14 	4    2 1	3 0 0 0 6 0 0 0 
     2	    6     1    22    14 	4    2 1	3 0 0 0 6 0 0 0 
     3	    7     5    21    14 	4    2 1	3 0 0 0 6 0 0 0 
     4	    1    21    22    14 	4    2 1	3 0 0 0 6 0 0 0 
     5	    5    22    21    14 	4    2 1	3 0 0 0 6 0 0 0 
     6	    0     5    10    23 	4    3 0	3 0 0 0 5 0 0 0 
     7	   19     0    10    23 	4    3 0	0 0 0 0 0 0 0 0 
     8	    2    10     9    12 	4    3 0	3 8 0 4 5 5 0 5 
     9	    8     9     5    15 	4    3 0	3 4 0 0 5 5 0 0 
    10	   10     5     9    23 	4    3 0	3 0 0 0 5 0 0 0 
    11	   13    12    16    18 	4    3 0	4 8 0 0 5 5 0 0 
    12	   23     9    15     5 	4    3 0	0 0 0 0 0 0 0 0 
    13	   12     9    16    23 	4    3 0	4 0 0 0 5 0 0 0 
    14	   16    15    17    24 	4    3 0	4 0 0 0 5 0 0 0 
    15	    0    19    10    11 	4    3 0	0 0 8 3 0 0 5 5 
    16	   10    12    18    23 	4    3 0	8 0 0 0 5 0 0 0 
    17	   19    10    18    23 	4    3 0	8 0 0 0 5 0 0 0 
    18	   19    18    20    23 	4    3 0	8 0 0 0 5 0 0 0 
    19	    0     7     5    23 	4    3 0	3 0 0 0 6 0 0 0 
    20	    7     1    21    29 	4    3 0	3 0 0 0 6 0 0 0 
    21	    1     6    22    30 	4    3 0	3 0 0 0 6 0 0 0 
    22	    5     7    21    23 	4    3 0	3 0 0 0 6 0 0 0 
    23	   21     1    22    24 	4    3 0	3 0 0 0 6 0 0 0 
    24	   15    21    22    24 	4    3 0	0 0 0 0 0 0 0 0 
    25	    9    12    10    23 	4    3 0	0 0 0 0 0 0 0 0 
    26	   16    18    12    23 	4    3 0	0 0 0 0 0 0 0 0 
    27	    9    23    15    16 	4    3 0	0 0 0 4 0 0 0 5 
    28	   15    24    16    23 	4    3 0	0 0 0 0 0 0 0 0 
    29	    3    27     4    28 	4    3 0	0 0 0 0 0 0 0 0 
    30	    7    23     0    19 	4    3 0	0 0 0 0 0 0 0 0 
    31	   24     1    29    21 	4    3 0	0 0 0 0 0 0 0 0 
    32	    7    29    21    23 	4    3 0	0 0 0 0 0 0 0 0 
    33	    1    29     7    31 	4    3 0	0 0 0 0 0 0 0 0 
    34	   24     1    22    30 	4    3 0	0 0 0 0 0 0 0 0 
    35	    6    30     1    26 	4    3 0	0 0 0 0 0 0 0 0 
    36	   15    23     5    21 	4    3 0	0 0 0 0 0 0 0 0 
    37	    1    24    28    30 	4    3 0	0 0 0 0 0 0 0 0 
    38	   15    22    21     5 	4    3 0	0 0 3 0 0 0 6 0 
    39	   23    15    24    21 	4    3 0	0 0 0 0 0 0 0 0 
    40	   23    20     7    29 	4    3 0	0 0 0 0 0 0 0 0 
    41	   20    23     7    19 	4    3 0	0 0 0 0 0 0 0 0 
    42	   27    28     3    30 	4    3 0	0 0 0 0 0 0 0 0 
    43	   31    28     1    29 	4    3 0	0 0 0 0 0 0 0 0 
    44	    1    24    29    28 	4    3 0	0 0 0 0 0 0 0 0 
    45	   21    23    29    24 	4    3 0	0 0 0 0 0 0 0 0 
    46	   28    31     1    27 	4    3 0	0 0 0 0 0 0 0 0 
    47	   30    28     1    27 	4    3 0	0 0 0 0 0 0 0 0 
    48	    1    26    30    27 	4    3 0	0 0 0 0 0 0 0 0 
    49	    7    20    31    29 	4    3 0	0 0 0 0 0 0 0 0 
    50	   28    31    27     4 	4    3 0	0 0 0 0 0 0 0 0 
    51	   26     3    30    27 	4    3 0	0 0 0 0 0 0 0 0 
    52	   28    24    29    25 	4    3 0	0 0 0 0 0 0 0 0 

     0 0 0 0 0
     1 0 0 0 0
     2 0 0 0 0
     3 0 0 0 0
     4 0 0 0 0
     5 0 0 0 0
     6 1 1 0 0
     7 1 1 0 0
     8 1 1 0 0
     9 1 1 0 0
    10 1 1 0 0
    11 1 1 0 0
    12 1 1 0 0
    13 1 1 0 0
    14 1 1 0 0
    15 1 1 0 0
    16 1 1 0 0
    17 1 1 0 0
    18 1 1 0 0
    19 1 1 0 0
    20 1 1 0 0
    21 1 1 0 0
    22 1 1 0 0
    23 1 1 0 0
    24 1 1 0 0
    25 1 1 0 0
    26 1 1 0 0
    27 1 1 0 0
    28 1 1 0 0
    29 1 1 0 0
    30 1 1 0 0
    31 1 1 0 0
    32 1 1 0 0
    33 1 1 0 0
    34 1 1 0 0
    35 1 1 0 0
    36 1 1 0 0
    37 1 1 0 0
    38 1 1 0 0
    39 1 1 0 0
    40 1 1 0 0
    41 1 1 0 0
    42 1 1 0 0
    43 1 1 0 0
    44 1 1 0 0
    45 1 1 0 0
    46 1 1 0 0
    47 1 1 0 0
    48 1 1 0 0
    49 1 1 0 0
    50 1 1 0 0
    51 1 1 0 0
    52 1 1 0 0


  1.50000000e+04   3.00000000e+03   0.00000000e+00   6.00000000e+03   0.00000000e+00   0.00000000e+00   2.50000000e-01   0.00000000e+00   0.00000000e+00   1.00000000e+00   1.00000000e+00   1.00000000e+00   1.00000000e+07 	2 3 
  1.50000000e+03   3.00000000e+02   0.00000000e+00   6.00000000e+02   0.00000000e+00   0.00000000e+00   2.50000000e-01   0.00000000e+00   0.00000000e+00   1.00000000e+00   1.00000000e+00   1.00000000e+00   1.00000000e+07 	2 3 

1 
1 0 0 	0 1 0 	0 0 1 

0 0.5 0.5

0

0

0
