27 3 53

10000 1e-05 1e-15

2 1 1

4 4 4 4 4 4 4 4 4 4 4 4 4 4 4 4 4 4 4 4 4 4 4 4 4 4 4 4 4 4 4 4 4 4 4 4 4 4 4 4 4 4 4 4 4 4 4 4 4 4 4 4 4 

   1    1    0	 -5.00000000e-01   6.12303200e-19  -2.99833300e-01 	1    6 0
  -1    1    1	 -5.00000000e-01   5.00000000e-01  -5.00000000e-01 	1   15 0
   4    3    2	 -2.48960400e-01   1.59835400e-17  -1.47845700e-01 	2    9 0
   6    3    3	 -5.00000000e-01   2.59247900e-01  -1.50633700e-01 	2   11 0
   9    2    4	 -5.00000000e-01   5.00000000e-01   1.11022300e-16 	2   18 0
  52    0    5	 -5.00000000e-01   5.00000000e-01  -2.50000000e-01 	2   18 0
  12    2    6	 -5.00000000e-01   2.50000000e-01  -5.00000000e-01 	2   23 0
  13    2    7	  1.11022300e-16   5.00000000e-01  -5.00000000e-01 	2   25 0
  15    5    8	 -2.50000000e-01   5.00000000e-01  -5.00000000e-01 	2   25 0
  18    1    9	  1.66408600e-01   5.00000000e-01  -2.62256600e-01 	5    4 0
  28    4   10	 -6.44934300e-02   5.00000000e-01  -2.77136600e-01 	5    4 0
  55    1   11	 -2.59251500e-01   5.00000000e-01  -1.42494500e-01 	5    4 0
  20    1   12	 -2.61397700e-01   5.00000000e-01   1.53194900e-01 	5    4 0
  21    0   13	  2.04323400e-02   5.00000000e-01   1.95983200e-02 	5    4 0
  22    7   14	 -2.94180800e-01   8.03608200e-02  -5.00000000e-01 	5    8 0
  23    2   15	  1.42015900e-01   2.59974700e-01  -5.00000000e-01 	5    8 0
  24    2   16	 -1.53796600e-01   2.62503800e-01  -5.00000000e-01 	5    8 0
  26    7   17	 -2.07327800e-02  -1.83814500e-02  -5.00000000e-01 	5    8 0
  35    1   18	  2.60788400e-01   2.49630200e-01  -2.85873600e-01 	4    3 0
  -1    1   19	  3.09358900e-03   2.86828100e-01  -3.03358700e-01 	4    3 0
  -1    1   20	 -2.59778000e-01   3.35058700e-01  -3.11311100e-01 	4    3 0
  37    0   21	  9.00759500e-02   2.86875600e-01  -7.35445600e-02 	4    3 0
  38    3   22	 -1.29761000e-01   3.14331000e-01  -1.09533100e-01 	4    3 0
  45    3   23	 -1.51850700e-01   1.53657600e-01  -2.42548100e-01 	4    3 0
  47    2   24	 -6.06080500e-02   1.03781000e-01  -3.66721300e-02 	4    3 0
  48    0   25	  6.71221300e-02   1.28756600e-01  -1.86222200e-01 	4    3 0
  50    1   26	  2.63036100e-02  -1.03016600e-01  -1.66994500e-01 	4    3 0

1
   1  1 1 1 

9
0 0 0 0 0 0 0 0 0 

     0	    8     7    10    16 	4    3 0	4 8 0 0 5 5 0 0 
     1	    1     8     5     6 	4    3 0	4 8 0 6 5 5 0 5 
     2	    4     5    11     3 	4    3 0	4 6 0 0 5 5 0 0 
     3	    7     9    10    19 	4    3 0	4 0 0 0 5 0 0 0 
     4	    8    10    11    20 	4    3 0	4 0 0 0 5 0 0 0 
     5	    5     8    11    20 	4    3 0	4 0 0 0 5 0 0 0 
     6	   10     9    13    21 	4    3 0	4 0 0 0 5 0 0 0 
     7	   11    10    13    22 	4    3 0	4 0 0 0 5 0 0 0 
     8	   12    11    13    22 	4    3 0	4 0 0 0 5 0 0 0 
     9	    3     6    14     0 	4    3 0	0 6 0 0 0 5 0 0 
    10	    3     6     5    20 	4    3 0	6 0 0 0 5 0 0 0 
    11	    8     6    16    20 	4    3 0	8 0 0 0 5 0 0 0 
    12	    6    14    16    20 	4    3 0	8 0 0 0 5 0 0 0 
    13	   15     7    16    19 	4    3 0	8 0 0 0 5 0 0 0 
    14	   23    14    16    17 	4    3 0	0 0 8 0 0 0 5 0 
    15	   15    16    17    19 	4    3 0	8 0 0 0 5 0 0 0 
    16	   14     2     3     0 	4    3 0	0 0 2 0 0 0 6 0 
    17	    7    15     9    19 	4    3 0	0 0 0 0 0 0 0 0 
    18	   10    16     7    19 	4    3 0	0 0 0 0 0 0 0 0 
    19	    8    16    10    20 	4    3 0	0 0 0 0 0 0 0 0 
    20	    5     6     8    20 	4    3 0	0 0 0 0 0 0 0 0 
    21	   11     3     5    20 	4    3 0	0 0 0 0 0 0 0 0 
    22	    3     4    12    11 	4    3 0	0 0 4 0 0 0 5 0 
    23	   10    19     9    21 	4    3 0	0 0 0 0 0 0 0 0 
    24	   11    20    10    22 	4    3 0	0 0 0 0 0 0 0 0 
    25	    3    22    11    12 	4    3 0	0 0 0 0 0 0 0 0 
    26	   10    21    13    22 	4    3 0	0 0 0 0 0 0 0 0 
    27	    3    14     6    20 	4    3 0	0 0 0 0 0 0 0 0 
    28	   23     3    20    14 	4    3 0	0 0 0 0 0 0 0 0 
    29	   14    23    16    20 	4    3 0	0 0 0 0 0 0 0 0 
    30	   23    16    19    17 	4    3 0	0 0 0 0 0 0 0 0 
    31	   15    19    17    18 	4    3 0	0 0 0 0 0 0 0 0 
    32	   23     3    22    20 	4    3 0	0 0 0 0 0 0 0 0 
    33	   15    18     9    19 	4    3 0	0 0 0 0 0 0 0 0 
    34	   16    19    10    20 	4    3 0	0 0 0 0 0 0 0 0 
    35	    9    21    19    18 	4    3 0	0 0 0 0 0 0 0 0 
    36	   19    21    10    22 	4    3 0	0 0 0 0 0 0 0 0 
    37	   10    22    20    19 	4    3 0	0 0 0 0 0 0 0 0 
    38	    3    11    22    20 	4    3 0	0 0 0 0 0 0 0 0 
    39	    2    14     3    23 	4    3 0	0 0 0 0 0 0 0 0 
    40	   23    19    16    20 	4    3 0	0 0 0 0 0 0 0 0 
    41	   17    19    23    25 	4    3 0	0 0 0 0 0 0 0 0 
    42	    2    26    17    23 	4    3 0	0 0 0 0 0 0 0 0 
    43	   14     2    17    23 	4    3 0	0 0 0 0 0 0 0 0 
    44	   17    18    19    25 	4    3 0	0 0 0 0 0 0 0 0 
    45	   19    18    21    25 	4    3 0	0 0 0 0 0 0 0 0 
    46	   21    22    19    25 	4    3 0	0 0 0 0 0 0 0 0 
    47	   20    19    22    23 	4    3 0	0 0 0 0 0 0 0 0 
    48	   23    25    19    22 	4    3 0	0 0 0 0 0 0 0 0 
    49	   17    25    23    26 	4    3 0	0 0 0 0 0 0 0 0 
    50	   23    24     2    26 	4    3 0	0 0 0 0 0 0 0 0 
    51	   24    23    22    25 	4    3 0	0 0 0 0 0 0 0 0 
    52	   24    23    25    26 	4    3 0	0 0 0 0 0 0 0 0 

     0 1 1 0 0
     1 1 1 0 0
     2 1 1 0 0
     3 1 1 0 0
     4 1 1 0 0
     5 1 1 0 0
     6 1 1 0 0
     7 1 1 0 0
     8 1 1 0 0
     9 1 1 0 0
    10 1 1 0 0
    11 1 1 0 0
    12 1 1 0 0
    13 1 1 0 0
    14 1 1 0 0
    15 1 1 0 0
    16 1 1 0 0
    17 1 1 0 0
    18 1 1 0 0
    19 1 1 0 0
    20 1 1 0 0
    21 1 1 0 0
    22 1 1 0 0
    23 1 1 0 0
    24 1 1 0 0
    25 1 1 0 0
    26 1 1 0 0
    27 1 1 0 0
    28 1 1 0 0
    29 1 1 0 0
    30 1 1 0 0
    31 1 1 0 0
    32 1 1 0 0
    33 1 1 0 0
    34 1 1 0 0
    35 1 1 0 0
    36 1 1 0 0
    37 1 1 0 0
    38 1 1 0 0
    39 1 1 0 0
    40 1 1 0 0
    41 1 1 0 0
    42 1 1 0 0
    43 1 1 0 0
    44 1 1 0 0
    45 1 1 0 0
    46 1 1 0 0
    47 1 1 0 0
    48 1 1 0 0
    49 1 1 0 0
    50 1 1 0 0
    51 1 1 0 0
    52 1 1 0 0


  1.50000000e+04   3.00000000e+03   0.00000000e+00   6.00000000e+03   0.00000000e+00   0.00000000e+00   2.50000000e-01   0.00000000e+00   0.00000000e+00   1.00000000e+00   1.00000000e+00   1.00000000e+00   1.00000000e+07 	2 3 
  1.50000000e+03   3.00000000e+02   0.00000000e+00   6.00000000e+02   0.00000000e+00   0.00000000e+00   2.50000000e-01   0.00000000e+00   0.00000000e+00   1.00000000e+00   1.00000000e+00   1.00000000e+00   1.00000000e+07 	2 3 

1 
1 0 0 	0 1 0 	0 0 1 

0 0.5 0.5

0

0

0
