27 3 6

300 1e-06 1e-15

1 1 1

10 10 10 10 10 10 

   1    2    0	  0.00000000e+00   1.00000000e+00   0.00000000e+00 	1    4 0
   2    0    1	  0.00000000e+00   0.00000000e+00   1.00000000e+00 	1    5 0
   3    1    2	  1.00000000e+00   1.00000000e+00   1.00000000e+00 	1    7 0
  -1    2    3	  0.00000000e+00   1.00000000e+00   1.00000000e+00 	1    8 0
   5    2    4	  5.00000000e-01   5.00000000e-01   1.00000000e+00 	5    2 0
   6    2    5	  0.00000000e+00   5.00000000e-01   5.00000000e-01 	5    3 0
   8    1    6	  5.00000000e-01   0.00000000e+00   5.00000000e-01 	5    5 0
   9    0    7	  5.00000000e-01   1.00000000e+00   5.00000000e-01 	5    6 0
  -1    2    8	  5.00000000e-01   1.00000000e+00   1.00000000e+00 	2    7 0
  -1    2    9	  0.00000000e+00   5.00000000e-01   1.00000000e+00 	2    8 0
  -1    2   10	  0.00000000e+00   1.00000000e+00   5.00000000e-01 	2   12 0
  12    2   11	  2.50000000e-01   2.50000000e-01   1.00000000e+00 	5    2 0
  13    3   12	  7.50000000e-01   7.50000000e-01   1.00000000e+00 	5    2 0
  -1    2   13	  2.50000000e-01   7.50000000e-01   1.00000000e+00 	5    2 0
  14    0   14	  0.00000000e+00   7.50000000e-01   2.50000000e-01 	5    3 0
  -1    2   15	  0.00000000e+00   7.50000000e-01   7.50000000e-01 	5    3 0
  15    0   16	  0.00000000e+00   2.50000000e-01   7.50000000e-01 	5    3 0
  18    2   17	  2.50000000e-01   0.00000000e+00   7.50000000e-01 	5    5 0
  20    0   18	  2.50000000e-01   1.00000000e+00   2.50000000e-01 	5    6 0
  -1    2   19	  2.50000000e-01   1.00000000e+00   7.50000000e-01 	5    6 0
  21    3   20	  7.50000000e-01   1.00000000e+00   7.50000000e-01 	5    6 0
  24    2   21	  5.00000000e-01   2.50000000e-01   7.50000000e-01 	4    1 0
  25    3   22	  5.00000000e-01   7.50000000e-01   7.50000000e-01 	4    1 0
  -1    2   23	  2.50000000e-01   5.00000000e-01   7.50000000e-01 	4    1 0
  26    0   24	  2.50000000e-01   7.50000000e-01   5.00000000e-01 	4    1 0
  27    2   25	  2.50000000e-01   2.50000000e-01   5.00000000e-01 	4    1 0
  30    2   26	  5.00000000e-01   5.00000000e-01   5.00000000e-01 	4    1 0

27
   0  -1 1 1 
   1  1 1 1 
   2  -1 1 1 
   3  -1 1 1 
   4  0 1 1 
   5  0 1 1 
   6  1 1 1 
   7  -1 1 1 
   8  -1 1 1 
   9  0 1 1 
  10  -1 1 1 
  11  0 1 1 
  12  0 1 1 
  13  0 1 1 
  14  0 1 1 
  15  0 1 1 
  16  0 1 1 
  17  1 1 1 
  18  -1 1 1 
  19  -1 1 1 
  20  -1 1 1 
  21  0 1 1 
  22  0 1 1 
  23  0 1 1 
  24  0 1 1 
  25  0 1 1 
  26  0 1 1 

1
0.1 

     0	    3     2     4     7     8    12    13    19    20    22 	4    1 0	2 6 0 0 5 5 0 0 
     1	    1     3     4     5     9    13    11    16    15    23 	4    1 0	2 3 0 0 5 5 0 0 
     2	    0     3     5     7    10    15    14    18    19    24 	4    1 0	3 6 0 0 5 5 0 0 
     3	    4     6     1     5    21    17    11    23    25    16 	4    1 0	0 0 0 0 0 0 0 0 
     4	    3     7     4     5    19    22    13    15    24    23 	4    1 0	0 0 0 0 0 0 0 0 
     5	    6     5     4     7    25    23    21    26    24    22 	4    1 0	0 0 0 0 0 0 0 0 

     0 0 0 0 0
     1 0 0 0 0
     2 0 0 0 0
     3 0 0 0 0
     4 0 0 0 0
     5 0 0 0 0


  3.00000000e+00   3.00000000e+00   3.00000000e+00   1.20000000e+00   1.20000000e+00   1.20000000e+00   2.50000000e-01   2.50000000e-01   2.50000000e-01   1.00000000e+00   1.00000000e+00   1.00000000e+00   1.70000000e+03 	2 99 

1 
1 0 0 	0 1 0 	0 0 1 

0 0.5 0.5

0

0

0
