27 3 6

300 1e-06 1e-15

1 1 1

10 10 10 10 10 10 

   0    1    0	  1.00000000e+00   0.00000000e+00   0.00000000e+00 	1    2 0
  -1    1    1	  1.00000000e+00   1.00000000e+00   0.00000000e+00 	1    3 0
   1    2    2	  0.00000000e+00   1.00000000e+00   0.00000000e+00 	1    4 0
   3    1    3	  1.00000000e+00   1.00000000e+00   1.00000000e+00 	1    7 0
   4    1    4	  5.00000000e-01   5.00000000e-01   0.00000000e+00 	5    1 0
   7    3    5	  1.00000000e+00   5.00000000e-01   5.00000000e-01 	5    4 0
   8    1    6	  5.00000000e-01   0.00000000e+00   5.00000000e-01 	5    5 0
   9    0    7	  5.00000000e-01   1.00000000e+00   5.00000000e-01 	5    6 0
  -1    1    8	  1.00000000e+00   5.00000000e-01   0.00000000e+00 	2    2 0
  -1    1    9	  5.00000000e-01   1.00000000e+00   0.00000000e+00 	2    3 0
  -1    1   10	  1.00000000e+00   1.00000000e+00   5.00000000e-01 	2   11 0
  10    0   11	  7.50000000e-01   2.50000000e-01   0.00000000e+00 	5    1 0
  -1    1   12	  7.50000000e-01   7.50000000e-01   0.00000000e+00 	5    1 0
  11    1   13	  2.50000000e-01   7.50000000e-01   0.00000000e+00 	5    1 0
  -1    1   14	  1.00000000e+00   7.50000000e-01   2.50000000e-01 	5    4 0
  16    1   15	  1.00000000e+00   7.50000000e-01   7.50000000e-01 	5    4 0
  17    3   16	  1.00000000e+00   2.50000000e-01   2.50000000e-01 	5    4 0
  19    3   17	  7.50000000e-01   0.00000000e+00   2.50000000e-01 	5    5 0
  20    0   18	  2.50000000e-01   1.00000000e+00   2.50000000e-01 	5    6 0
  -1    1   19	  7.50000000e-01   1.00000000e+00   2.50000000e-01 	5    6 0
  21    3   20	  7.50000000e-01   1.00000000e+00   7.50000000e-01 	5    6 0
  22    1   21	  5.00000000e-01   2.50000000e-01   2.50000000e-01 	4    1 0
  -1    1   22	  7.50000000e-01   5.00000000e-01   2.50000000e-01 	4    1 0
  23    0   23	  5.00000000e-01   7.50000000e-01   2.50000000e-01 	4    1 0
  28    1   24	  7.50000000e-01   7.50000000e-01   5.00000000e-01 	4    1 0
  29    3   25	  7.50000000e-01   2.50000000e-01   5.00000000e-01 	4    1 0
  30    2   26	  5.00000000e-01   5.00000000e-01   5.00000000e-01 	4    1 0

27
   0  1 1 1 
   1  -1 1 1 
   2  -1 1 1 
   3  -1 1 1 
   4  0 1 1 
   5  0 1 1 
   6  1 1 1 
   7  -1 1 1 
   8  0 1 1 
   9  -1 1 1 
  10  -1 1 1 
  11  0 1 1 
  12  0 1 1 
  13  0 1 1 
  14  0 1 1 
  15  0 1 1 
  16  0 1 1 
  17  1 1 1 
  18  -1 1 1 
  19  -1 1 1 
  20  -1 1 1 
  21  0 1 1 
  22  0 1 1 
  23  0 1 1 
  24  0 1 1 
  25  0 1 1 
  26  0 1 1 

1
0.1 

     0	    0     1     4     5     8    12    11    16    14    22 	4    1 0	1 4 0 0 5 5 0 0 
     1	    1     2     4     7     9    13    12    19    18    23 	4    1 0	1 6 0 0 5 5 0 0 
     2	    3     1     5     7    10    14    15    20    19    24 	4    1 0	4 6 0 0 5 5 0 0 
     3	    4     6     0     5    21    17    11    22    25    16 	4    1 0	0 0 0 0 0 0 0 0 
     4	    4     5     1     7    22    14    12    23    24    19 	4    1 0	0 0 0 0 0 0 0 0 
     5	    6     5     4     7    25    22    21    26    24    23 	4    1 0	0 0 0 0 0 0 0 0 

     0 0 0 0 0
     1 0 0 0 0
     2 0 0 0 0
     3 0 0 0 0
     4 0 0 0 0
     5 0 0 0 0


  3.00000000e+00   3.00000000e+00   3.00000000e+00   1.20000000e+00   1.20000000e+00   1.20000000e+00   2.50000000e-01   2.50000000e-01   2.50000000e-01   1.00000000e+00   1.00000000e+00   1.00000000e+00   1.70000000e+03 	2 99 

1 
1 0 0 	0 1 0 	0 0 1 

0 0.5 0.5

0

0

0
