27 3 6

300 1e-06 1e-15

1 1 1

10 10 10 10 10 10 

   0    1    0	  1.00000000e+00   0.00000000e+00   0.00000000e+00 	1    2 0
   2    0    1	  0.00000000e+00   0.00000000e+00   1.00000000e+00 	1    5 0
  -1    3    2	  1.00000000e+00   0.00000000e+00   1.00000000e+00 	1    6 0
   3    1    3	  1.00000000e+00   1.00000000e+00   1.00000000e+00 	1    7 0
   5    2    4	  5.00000000e-01   5.00000000e-01   1.00000000e+00 	5    2 0
   7    3    5	  1.00000000e+00   5.00000000e-01   5.00000000e-01 	5    4 0
   8    1    6	  5.00000000e-01   0.00000000e+00   5.00000000e-01 	5    5 0
   9    0    7	  5.00000000e-01   1.00000000e+00   5.00000000e-01 	5    6 0
  -1    3    8	  5.00000000e-01   0.00000000e+00   1.00000000e+00 	2    5 0
  -1    3    9	  1.00000000e+00   5.00000000e-01   1.00000000e+00 	2    6 0
  -1    3   10	  1.00000000e+00   0.00000000e+00   5.00000000e-01 	2   10 0
  12    2   11	  2.50000000e-01   2.50000000e-01   1.00000000e+00 	5    2 0
  -1    3   12	  7.50000000e-01   2.50000000e-01   1.00000000e+00 	5    2 0
  13    3   13	  7.50000000e-01   7.50000000e-01   1.00000000e+00 	5    2 0
  16    1   14	  1.00000000e+00   7.50000000e-01   7.50000000e-01 	5    4 0
  17    3   15	  1.00000000e+00   2.50000000e-01   2.50000000e-01 	5    4 0
  -1    3   16	  1.00000000e+00   2.50000000e-01   7.50000000e-01 	5    4 0
  18    2   17	  2.50000000e-01   0.00000000e+00   7.50000000e-01 	5    5 0
  -1    3   18	  7.50000000e-01   0.00000000e+00   7.50000000e-01 	5    5 0
  19    3   19	  7.50000000e-01   0.00000000e+00   2.50000000e-01 	5    5 0
  21    3   20	  7.50000000e-01   1.00000000e+00   7.50000000e-01 	5    6 0
  24    2   21	  5.00000000e-01   2.50000000e-01   7.50000000e-01 	4    1 0
  -1    3   22	  7.50000000e-01   5.00000000e-01   7.50000000e-01 	4    1 0
  25    3   23	  5.00000000e-01   7.50000000e-01   7.50000000e-01 	4    1 0
  28    1   24	  7.50000000e-01   7.50000000e-01   5.00000000e-01 	4    1 0
  29    3   25	  7.50000000e-01   2.50000000e-01   5.00000000e-01 	4    1 0
  30    2   26	  5.00000000e-01   5.00000000e-01   5.00000000e-01 	4    1 0

27
   0  1 1 1 
   1  1 1 1 
   2  1 1 1 
   3  -1 1 1 
   4  0 1 1 
   5  0 1 1 
   6  1 1 1 
   7  -1 1 1 
   8  1 1 1 
   9  0 1 1 
  10  1 1 1 
  11  0 1 1 
  12  0 1 1 
  13  0 1 1 
  14  0 1 1 
  15  0 1 1 
  16  0 1 1 
  17  1 1 1 
  18  1 1 1 
  19  1 1 1 
  20  -1 1 1 
  21  0 1 1 
  22  0 1 1 
  23  0 1 1 
  24  0 1 1 
  25  0 1 1 
  26  0 1 1 

1
0.1 

     0	    2     1     4     6     8    11    12    18    17    21 	4    1 0	2 5 0 0 5 5 0 0 
     1	    3     2     4     5     9    12    13    14    16    22 	4    1 0	2 4 0 0 5 5 0 0 
     2	    0     2     5     6    10    16    15    19    18    25 	4    1 0	4 5 0 0 5 5 0 0 
     3	    2     6     4     5    18    21    12    16    25    22 	4    1 0	0 0 0 0 0 0 0 0 
     4	    3     5     4     7    14    22    13    20    24    23 	4    1 0	0 0 0 0 0 0 0 0 
     5	    4     5     6     7    22    25    21    23    24    26 	4    1 0	0 0 0 0 0 0 0 0 

     0 0 0 0 0
     1 0 0 0 0
     2 0 0 0 0
     3 0 0 0 0
     4 0 0 0 0
     5 0 0 0 0


  3.00000000e+00   3.00000000e+00   3.00000000e+00   1.20000000e+00   1.20000000e+00   1.20000000e+00   2.50000000e-01   2.50000000e-01   2.50000000e-01   1.00000000e+00   1.00000000e+00   1.00000000e+00   1.70000000e+03 	2 99 

1 
1 0 0 	0 1 0 	0 0 1 

0 0.5 0.5

0

0

0
