27 3 6

300 1e-06 1e-15

1 1 1

10 10 10 10 10 10 

  -1    0    0	  0.00000000e+00   0.00000000e+00   0.00000000e+00 	1    1 0
   0    1    1	  1.00000000e+00   0.00000000e+00   0.00000000e+00 	1    2 0
   1    2    2	  0.00000000e+00   1.00000000e+00   0.00000000e+00 	1    4 0
   2    0    3	  0.00000000e+00   0.00000000e+00   1.00000000e+00 	1    5 0
   4    1    4	  5.00000000e-01   5.00000000e-01   0.00000000e+00 	5    1 0
   6    2    5	  0.00000000e+00   5.00000000e-01   5.00000000e-01 	5    3 0
   8    1    6	  5.00000000e-01   0.00000000e+00   5.00000000e-01 	5    5 0
   9    0    7	  5.00000000e-01   1.00000000e+00   5.00000000e-01 	5    6 0
  -1    0    8	  5.00000000e-01   0.00000000e+00   0.00000000e+00 	2    1 0
  -1    0    9	  0.00000000e+00   5.00000000e-01   0.00000000e+00 	2    4 0
  -1    0   10	  0.00000000e+00   0.00000000e+00   5.00000000e-01 	2    9 0
  -1    0   11	  2.50000000e-01   2.50000000e-01   0.00000000e+00 	5    1 0
  10    0   12	  7.50000000e-01   2.50000000e-01   0.00000000e+00 	5    1 0
  11    1   13	  2.50000000e-01   7.50000000e-01   0.00000000e+00 	5    1 0
  14    0   14	  0.00000000e+00   7.50000000e-01   2.50000000e-01 	5    3 0
  15    0   15	  0.00000000e+00   2.50000000e-01   7.50000000e-01 	5    3 0
  -1    0   16	  0.00000000e+00   2.50000000e-01   2.50000000e-01 	5    3 0
  -1    0   17	  2.50000000e-01   0.00000000e+00   2.50000000e-01 	5    5 0
  18    2   18	  2.50000000e-01   0.00000000e+00   7.50000000e-01 	5    5 0
  19    3   19	  7.50000000e-01   0.00000000e+00   2.50000000e-01 	5    5 0
  20    0   20	  2.50000000e-01   1.00000000e+00   2.50000000e-01 	5    6 0
  22    1   21	  5.00000000e-01   2.50000000e-01   2.50000000e-01 	4    1 0
  23    0   22	  5.00000000e-01   7.50000000e-01   2.50000000e-01 	4    1 0
  -1    0   23	  2.50000000e-01   5.00000000e-01   2.50000000e-01 	4    1 0
  26    0   24	  2.50000000e-01   7.50000000e-01   5.00000000e-01 	4    1 0
  27    2   25	  2.50000000e-01   2.50000000e-01   5.00000000e-01 	4    1 0
  30    2   26	  5.00000000e-01   5.00000000e-01   5.00000000e-01 	4    1 0

27
   0  1 1 1 
   1  1 1 1 
   2  -1 1 1 
   3  1 1 1 
   4  0 1 1 
   5  0 1 1 
   6  1 1 1 
   7  -1 1 1 
   8  1 1 1 
   9  0 1 1 
  10  1 1 1 
  11  0 1 1 
  12  0 1 1 
  13  0 1 1 
  14  0 1 1 
  15  0 1 1 
  16  0 1 1 
  17  1 1 1 
  18  1 1 1 
  19  1 1 1 
  20  -1 1 1 
  21  0 1 1 
  22  0 1 1 
  23  0 1 1 
  24  0 1 1 
  25  0 1 1 
  26  0 1 1 

1
0.1 

     0	    0     1     4     6     8    12    11    17    19    21 	4    1 0	1 5 0 0 5 5 0 0 
     1	    2     0     4     5     9    11    13    14    16    23 	4    1 0	1 3 0 0 5 5 0 0 
     2	    3     0     5     6    10    16    15    18    17    25 	4    1 0	3 5 0 0 5 5 0 0 
     3	    0     6     4     5    17    21    11    16    25    23 	4    1 0	0 0 0 0 0 0 0 0 
     4	    4     7     2     5    22    20    13    23    24    14 	4    1 0	0 0 0 0 0 0 0 0 
     5	    4     5     6     7    23    25    21    22    24    26 	4    1 0	0 0 0 0 0 0 0 0 

     0 0 0 0 0
     1 0 0 0 0
     2 0 0 0 0
     3 0 0 0 0
     4 0 0 0 0
     5 0 0 0 0


  3.00000000e+00   3.00000000e+00   3.00000000e+00   1.20000000e+00   1.20000000e+00   1.20000000e+00   2.50000000e-01   2.50000000e-01   2.50000000e-01   1.00000000e+00   1.00000000e+00   1.00000000e+00   1.70000000e+03 	2 99 

1 
1 0 0 	0 1 0 	0 0 1 

0 0.5 0.5

0

0

0
